"","Resp1","Resp2","HR1","HR2","Resp1S","Resp2S","HR1S","HR2S"
"1",-1.58296135268754,-0.598102003733755,-0.284685816613133,0.129197267190673,-1.58296135268754,-0.598102003733755,-0.284685816613133,0.129197267190673
"2",-1.65587770056502,-1.08360853531163,-0.329123204935051,0.129197267190673,-1.65587770056502,-1.08360853531163,-0.329123204935051,0.129197267190673
"3",-1.68656385860113,-1.85181450377957,-0.329123204935051,0.129197267190673,-1.68656385860113,-1.85181450377957,-0.329123204935051,0.129197267190673
"4",-1.68501862234691,-2.65243675107875,-0.329123204935051,0.129197267190673,-1.68501862234691,-2.65243675107875,-0.329123204935051,0.129197267190673
"5",-1.6583650867274,-2.03493336229164,-0.329123204935051,0.129197267190673,-1.6583650867274,-2.03493336229164,-0.329123204935051,0.129197267190673
"6",-1.63485903735699,-0.169156640234872,-0.329123204935051,1.05812818236413,-1.63485903735699,-0.169156640234872,-0.329123204935051,1.05812818236413
"7",-1.62902353868108,-1.94342854264178,-0.401536727961435,3.44680767852446,-1.62902353868108,-1.94342854264178,-0.401536727961435,3.44680767852446
"8",-1.62348026777125,-2.74129011983693,-0.463222321650577,3.44680767852446,-1.62348026777125,-2.74129011983693,-0.463222321650577,3.44680767852446
"9",-1.50637309565135,-2.0740150761503,-0.463222321650577,3.44680767852446,-1.50637309565135,-2.0740150761503,-0.463222321650577,3.44680767852446
"10",-1.19854159166884,-1.5374914205902,-0.463222321650577,3.44680767852446,-1.19854159166884,-1.5374914205902,-0.463222321650577,3.44680767852446
"11",-0.747343300905501,-1.19453406676444,-0.463222321650577,3.44680767852446,-0.747343300905501,-1.19453406676444,-0.463222321650577,3.44680767852446
"12",-0.262023882048127,-0.980646092603553,-0.378574237469238,1.43614717837511,-0.262023882048127,-0.980646092603553,-0.378574237469238,1.43614717837511
"13",0.167327881841647,-0.858870212178894,-0.322142181348346,0.574435535453959,0.167327881841647,-0.858870212178894,-0.322142181348346,0.574435535453959
"14",0.502448439206494,-0.785640972233186,-0.322142181348346,0.574435535453959,0.502448439206494,-0.785640972233186,-0.322142181348346,0.574435535453959
"15",0.727777869055542,-0.732878823447627,-0.322142181348346,0.574435535453959,0.727777869055542,-0.732878823447627,-0.322142181348346,0.574435535453959
"16",0.829187631678333,-0.701313802432837,-0.322142181348346,0.574435535453959,0.829187631678333,-0.701313802432837,-0.322142181348346,0.574435535453959
"17",0.828693311333766,-0.702480048530916,-0.30592526355643,0.697591602224357,0.828693311333766,-0.702480048530916,-0.30592526355643,0.697591602224357
"18",0.769941557241773,-0.723105030895562,-0.286888012235485,0.916535720927286,0.769941557241773,-0.723105030895562,-0.286888012235485,0.916535720927286
"19",0.686474734712921,-0.738631248475892,-0.286888012235485,0.916535720927286,0.686474734712921,-0.738631248475892,-0.286888012235485,0.916535720927286
"20",0.605159426173749,-0.709516390646647,-0.286888012235485,0.916535720927286,0.605159426173749,-0.709516390646647,-0.286888012235485,0.916535720927286
"21",0.542848324090329,-0.634203173655058,-0.286888012235485,0.916535720927286,0.542848324090329,-0.634203173655058,-0.286888012235485,0.916535720927286
"22",0.540855775795124,-0.546894896459008,-0.291806460671572,0.953387976679494,0.540855775795124,-0.546894896459008,-0.291806460671572,0.953387976679494
"23",0.638689284687955,-0.468175900787666,-0.336072496596362,1.16221742594201,0.638689284687955,-0.468175900787666,-0.336072496596362,1.16221742594201
"24",0.827964553247702,-0.40337351996488,-0.336072496596362,1.16221742594201,0.827964553247702,-0.40337351996488,-0.336072496596362,1.16221742594201
"25",1.07298269945557,-0.340681976378089,-0.336072496596362,1.16221742594201,1.07298269945557,-0.340681976378089,-0.336072496596362,1.16221742594201
"26",1.32416488494176,-0.317466363711943,-0.336072496596362,1.16221742594201,1.32416488494176,-0.317466363711943,-0.336072496596362,1.16221742594201
"27",1.53607797244295,-0.310697922796743,-0.336072496596362,2.03598565784713,1.53607797244295,-0.310697922796743,-0.336072496596362,2.03598565784713
"28",1.67781395923168,-0.249314120118216,-0.241053784557718,2.52748028829376,1.67781395923168,-0.249314120118216,-0.241053784557718,2.52748028829376
"29",1.74074927983432,-0.0328840041381618,-0.214253635008358,2.52748028829376,1.74074927983432,-0.0328840041381618,-0.214253635008358,2.52748028829376
"30",1.73105970404163,0.368566099013037,-0.214253635008358,2.52748028829376,1.73105970404163,0.368566099013037,-0.214253635008358,2.52748028829376
"31",1.68289180480923,0.830218623704899,-0.214253635008358,2.52748028829376,1.68289180480923,0.830218623704899,-0.214253635008358,2.52748028829376
"32",1.63398462453107,1.23988289055059,-0.214253635008358,2.30896406225559,1.63398462453107,1.23988289055059,-0.214253635008358,2.30896406225559
"33",1.59099152011148,1.54913387294959,-0.214253635008358,1.24209072336334,1.59099152011148,1.54913387294959,-0.214253635008358,1.24209072336334
"34",1.55016562786736,1.76361351870697,-0.214253635008358,1.24209072336334,1.55016562786736,1.76361351870697,-0.214253635008358,1.24209072336334
"35",1.50588380589968,1.89042038281011,-0.214253635008358,1.24209072336334,1.50588380589968,1.89042038281011,-0.214253635008358,1.24209072336334
"36",1.45644124848336,1.9503861543041,-0.214253635008358,1.24209072336334,1.45644124848336,1.9503861543041,-0.214253635008358,1.24209072336334
"37",1.41744721376461,1.97540966797513,-0.214253635008358,1.18492568966067,1.41744721376461,1.97540966797513,-0.214253635008358,1.18492568966067
"38",1.41265150426228,1.96751165096052,-0.214253635008358,1.0222252091223,1.41265150426228,1.96751165096052,-0.214253635008358,1.0222252091223
"39",1.43888990049627,1.92777786221478,-0.214253635008358,1.0222252091223,1.43888990049627,1.92777786221478,-0.214253635008358,1.0222252091223
"40",1.48736512190415,1.86607566117831,-0.214253635008358,1.0222252091223,1.48736512190415,1.86607566117831,-0.214253635008358,1.0222252091223
"41",1.53336900035051,1.79751817906416,-0.214253635008358,1.0222252091223,1.53336900035051,1.79751817906416,-0.214253635008358,1.0222252091223
"42",1.55902578742669,1.71405343157667,-0.214253635008358,1.27366420994132,1.55902578742669,1.71405343157667,-0.214253635008358,1.27366420994132
"43",1.56869768119693,1.60186631202921,-0.214253635008358,1.70179007620075,1.56869768119693,1.60186631202921,-0.214253635008358,1.70179007620075
"44",1.57928084602638,1.48485865255366,-0.110629978743626,1.70179007620075,1.57928084602638,1.48485865255366,-0.110629978743626,1.70179007620075
"45",1.58932259595392,1.40127558008954,-0.0548326253703088,1.70179007620075,1.58932259595392,1.40127558008954,-0.0548326253703088,1.70179007620075
"46",1.58896205520356,1.35362425281015,-0.0548326253703088,1.70179007620075,1.58896205520356,1.35362425281015,-0.0548326253703088,1.70179007620075
"47",1.57402462765655,1.3195143946145,-0.0548326253703088,1.68496391031362,1.57402462765655,1.3195143946145,-0.0548326253703088,1.68496391031362
"48",1.55406878337815,1.29753058092433,-0.0548326253703088,1.6659897232494,1.55406878337815,1.29753058092433,-0.0548326253703088,1.6659897232494
"49",1.54475191011711,1.29387542289688,-0.0548326253703088,1.6659897232494,1.54475191011711,1.29387542289688,-0.0548326253703088,1.6659897232494
"50",1.54988599315142,1.30366194951473,-0.0548326253703088,1.6659897232494,1.54988599315142,1.30366194951473,-0.0548326253703088,1.6659897232494
"51",1.56258211653624,1.31243922434221,-0.0548326253703088,1.6659897232494,1.56258211653624,1.31243922434221,-0.0548326253703088,1.6659897232494
"52",1.55960230761219,1.30748112754136,-0.0548326253703088,1.59725375873726,1.55960230761219,1.30748112754136,-0.0548326253703088,1.59725375873726
"53",1.52914187568701,1.30205822799675,-0.0548326253703088,1.52571224465319,1.52914187568701,1.30205822799675,-0.0548326253703088,1.52571224465319
"54",1.48415156526875,1.31184336255605,-0.0548326253703088,1.52571224465319,1.48415156526875,1.31184336255605,-0.0548326253703088,1.52571224465319
"55",1.43307501647092,1.32427303465058,-0.0548326253703088,1.52571224465319,1.43307501647092,1.32427303465058,-0.0548326253703088,1.52571224465319
"56",1.38011399534923,1.33204242638956,-0.0548326253703088,1.52571224465319,1.38011399534923,1.33204242638956,-0.0548326253703088,1.52571224465319
"57",1.33024327422843,1.33677103906875,-0.0548326253703088,1.4616438759591,1.33024327422843,1.33677103906875,-0.0548326253703088,1.4616438759591
"58",1.28810623845652,1.33570896379494,-0.0548326253703088,1.37316850966727,1.28810623845652,1.33570896379494,-0.0548326253703088,1.37316850966727
"59",1.25758456635604,1.3349932962182,-0.0548326253703088,1.37316850966727,1.25758456635604,1.3349932962182,-0.0548326253703088,1.37316850966727
"60",1.23897264203728,1.33172023490563,-0.0548326253703088,1.37316850966727,1.23897264203728,1.33172023490563,-0.0548326253703088,1.37316850966727
"61",1.20432941988537,1.31491838251907,-0.0548326253703088,1.37316850966727,1.20432941988537,1.31491838251907,-0.0548326253703088,1.37316850966727
"62",1.12970498863964,1.29436006481062,-0.0548326253703088,1.37316850966727,1.12970498863964,1.29436006481062,-0.0548326253703088,1.37316850966727
"63",1.01218742109146,1.27547118966618,-0.0548326253703088,0.668203934008838,1.01218742109146,1.27547118966618,-0.0548326253703088,0.668203934008838
"64",0.893899521141032,1.2501985021863,-0.0548326253703088,0.336455898404868,0.893899521141032,1.2501985021863,-0.0548326253703088,0.336455898404868
"65",0.824718392687983,1.20990165845704,-0.0548326253703088,0.336455898404868,0.824718392687983,1.20990165845704,-0.0548326253703088,0.336455898404868
"66",0.800999037749236,1.18008995386948,-0.0548326253703088,0.336455898404868,0.800999037749236,1.18008995386948,-0.0548326253703088,0.336455898404868
"67",0.792581618781191,1.1973936200061,-0.0548326253703088,0.336455898404868,0.792581618781191,1.1973936200061,-0.0548326253703088,0.336455898404868
"68",0.777495575991861,1.24063717607371,-0.0548326253703088,0.336455898404868,0.777495575991861,1.24063717607371,-0.0548326253703088,0.336455898404868
"69",0.754919255987015,1.26854425494395,-0.0548326253703088,0.336455898404868,0.754919255987015,1.26854425494395,-0.0548326253703088,0.336455898404868
"70",0.732899445293484,1.26928410136314,-0.0548326253703088,-0.143873372163036,0.732899445293484,1.26928410136314,-0.0548326253703088,-0.143873372163036
"71",0.721663425693833,1.22933372605832,1.34588771014208,-1.2129933614916,0.721663425693833,1.22933372605832,1.34588771014208,-1.2129933614916
"72",0.72351029137484,1.10937980269282,1.50152330297679,-1.2129933614916,0.72351029137484,1.10937980269282,1.50152330297679,-1.2129933614916
"73",0.718477470264198,0.896931463017033,1.50152330297679,-1.2129933614916,0.718477470264198,0.896931463017033,1.50152330297679,-1.2129933614916
"74",0.667941128815529,0.643879777749025,1.62473836928213,-1.2129933614916,0.667941128815529,0.643879777749025,1.62473836928213,-1.2129933614916
"75",0.571690204058468,0.432952595337442,1.74795343558748,-1.2129933614916,0.571690204058468,0.432952595337442,1.74795343558748,-1.2129933614916
"76",0.468500336171123,0.302117267948976,1.74795343558748,-1.2129933614916,0.468500336171123,0.302117267948976,1.74795343558748,-1.2129933614916
"77",0.383925756499493,0.237296108349797,1.74795343558748,-1.21235095197091,0.383925756499493,0.237296108349797,1.74795343558748,-1.21235095197091
"78",0.316990503658346,0.200332375975517,1.37392542313601,-1.19693312347438,0.316990503658346,0.200332375975517,1.37392542313601,-1.19693312347438
"79",0.2345191358663,0.168849617212538,1.01456517587871,-1.19693312347438,0.2345191358663,0.168849617212538,1.01456517587871,-1.19693312347438
"80",0.136567890580112,0.141227952386781,1.01456517587871,-1.19693312347438,0.136567890580112,0.141227952386781,1.01456517587871,-1.19693312347438
"81",0.0567499474538985,0.126363289610625,1.41059483612144,-1.19693312347438,0.0567499474538985,0.126363289610625,1.41059483612144,-1.19693312347438
"82",-0.00509227914652342,0.150123393365419,1.74795343558748,-1.19693312347438,-0.00509227914652342,0.150123393365419,1.74795343558748,-1.19693312347438
"83",-0.0742867769336176,0.233847540219358,1.74795343558748,-1.19693312347438,-0.0742867769336176,0.233847540219358,1.74795343558748,-1.19693312347438
"84",-0.151875146410085,0.358381845385325,1.74795343558748,-1.19693312347438,-0.151875146410085,0.358381845385325,1.74795343558748,-1.19693312347438
"85",-0.216567283759907,0.431440053654397,1.74795343558748,-1.20849649484677,-0.216567283759907,0.431440053654397,1.74795343558748,-1.20849649484677
"86",-0.259900314279288,0.293478049827342,1.40748764598685,-1.2129933614916,-0.259900314279288,0.293478049827342,1.40748764598685,-1.2129933614916
"87",-0.301671461567226,-0.0710108995278283,0.802215131141299,-1.2129933614916,-0.301671461567226,-0.0710108995278283,0.802215131141299,-1.2129933614916
"88",-0.360581146308479,-0.339637745613191,0.802215131141299,-1.2129933614916,-0.360581146308479,-0.339637745613191,0.802215131141299,-1.2129933614916
"89",-0.454929485450386,-1.00945507125911,0.802215131141299,-1.2129933614916,-0.454929485450386,-1.00945507125911,0.802215131141299,-1.2129933614916
"90",-0.573241105187024,-1.4622124912152,0.572010801261636,-1.2129933614916,-0.573241105187024,-1.4622124912152,0.572010801261636,-1.2129933614916
"91",-0.674348289591575,-1.76095362776894,-0.293995963523766,-1.2129933614916,-0.674348289591575,-1.76095362776894,-0.293995963523766,-1.2129933614916
"92",-0.744085064818258,-2.18830691348174,-0.293995963523766,-0.986334908566648,-0.744085064818258,-2.18830691348174,-0.293995963523766,-0.986334908566648
"93",-0.805013691507733,-2.69065800748412,-0.293995963523766,-0.918631734316339,-0.805013691507733,-2.69065800748412,-0.293995963523766,-0.918631734316339
"94",-0.887556218658401,-3.02884947602949,-0.293995963523766,-0.918631734316339,-0.887556218658401,-3.02884947602949,-0.293995963523766,-0.918631734316339
"95",-0.975086628706568,-3.23895282604657,-0.268787487352174,-0.918631734316339,-0.975086628706568,-3.23895282604657,-0.268787487352174,-0.918631734316339
"96",-1.02566601078548,-0.615496715955333,-0.184393893212496,-0.918631734316339,-1.02566601078548,-0.615496715955333,-0.184393893212496,-0.918631734316339
"97",-1.02776646254449,-0.169156640234872,-0.184393893212496,-0.918631734316339,-1.02776646254449,-0.169156640234872,-0.184393893212496,-0.918631734316339
"98",-1.00784218714519,-0.169156640234872,-0.184393893212496,-0.918631734316339,-1.00784218714519,-0.169156640234872,-0.184393893212496,-0.918631734316339
"99",-1.0054468337533,-0.169156640234872,-0.184393893212496,-0.918631734316339,-1.0054468337533,-0.169156640234872,-0.184393893212496,-0.918631734316339
"100",-1.04204327248219,-0.169156640234872,-0.184693442588216,-0.918631734316339,-1.04204327248219,-0.169156640234872,-0.184693442588216,-0.918631734316339
"101",-1.09555157376201,-0.169156640234872,-0.191882627605507,-0.918631734316339,-1.09555157376201,-0.169156640234872,-0.191882627605507,-0.918631734316339
"102",-1.14304074209381,-0.169156640234872,-0.191882627605507,-0.918631734316339,-1.14304074209381,-0.169156640234872,-0.191882627605507,-0.918631734316339
"103",-1.21258413637257,-0.169156640234872,-0.191882627605507,-0.918631734316339,-1.21258413637257,-0.169156640234872,-0.191882627605507,-0.918631734316339
"104",-1.29616619393551,-1.36031385678263,-0.191882627605507,-0.918631734316339,-1.29616619393551,-1.36031385678263,-0.191882627605507,-0.918631734316339
"105",-1.37142027768784,-2.90636654197427,-0.163326115985582,-0.918631734316339,-1.37142027768784,-2.90636654197427,-0.163326115985582,-0.918631734316339
"106",-1.38674817604272,-2.09696974790866,-0.0997648481863942,-0.918631734316339,-1.38674817604272,-2.09696974790866,-0.0997648481863942,-0.918631734316339
"107",-1.19605101411704,-1.31328366796063,-0.0997648481863942,0.108240687160532,-1.19605101411704,-1.31328366796063,-0.0997648481863942,0.108240687160532
"108",-0.728707656800531,-0.742953356702224,-0.0997648481863942,0.129197267190673,-0.728707656800531,-0.742953356702224,-0.0997648481863942,0.129197267190673
"109",-0.13030635666957,-0.381935631463937,-0.0997648481863942,0.129197267190673,-0.13030635666957,-0.381935631463937,-0.0997648481863942,0.129197267190673
"110",0.411525668461802,-0.202834266163473,-0.0563996816235441,0.129197267190673,0.411525668461802,-0.202834266163473,-0.0563996816235441,0.129197267190673
"111",0.775695546106894,-0.192473146358699,-0.0112645082622099,0.129197267190673,0.775695546106894,-0.192473146358699,-0.0112645082622099,0.129197267190673
"112",0.948165734280519,-0.286850885452726,-0.0112645082622099,0.129197267190673,0.948165734280519,-0.286850885452726,-0.0112645082622099,0.129197267190673
"113",0.993288444232705,-0.466462454225241,-0.0112645082622099,0.129197267190673,0.993288444232705,-0.466462454225241,-0.0112645082622099,0.129197267190673
"114",0.952080275288684,-0.659478892832914,-0.0112645082622099,0.11046064874579,0.952080275288684,-0.659478892832914,-0.0112645082622099,0.11046064874579
"115",0.867221748212707,-0.771745845536723,-0.0075518729910984,-1.7444645772976,0.867221748212707,-0.771745845536723,-0.0075518729910984,-1.7444645772976
"116",0.791499565261285,-0.819997818051776,-0.00301420765974007,-1.7444645772976,0.791499565261285,-0.819997818051776,-0.00301420765974007,-1.7444645772976
"117",0.742418497386777,-0.768676776857569,-0.00301420765974007,-1.7444645772976,0.742418497386777,-0.768676776857569,-0.00301420765974007,-1.7444645772976
"118",0.704016163516692,-0.725973418919531,-0.00301420765974007,-1.7444645772976,0.704016163516692,-0.725973418919531,-0.00301420765974007,-1.7444645772976
"119",0.662253037829181,-0.945060358052201,-0.00301420765974007,-1.7444645772976,0.662253037829181,-0.945060358052201,-0.00301420765974007,-1.7444645772976
"120",0.627212444567972,-1.28937917316645,0.0112581777440243,0.648592971344021,0.627212444567972,-1.28937917316645,0.0112581777440243,0.648592971344021
"121",0.609024112503994,-1.87101855873048,0.0135815893213815,1.20992745806243,0.609024112503994,-1.87101855873048,0.0135815893213815,1.20992745806243
"122",0.600841821307592,-2.5795567403179,0.0135815893213815,1.20992745806243,0.600841821307592,-2.5795567403179,0.0135815893213815,1.20992745806243
"123",0.586873282336828,-3.09725186974158,0.0135815893213815,1.20992745806243,0.586873282336828,-3.09725186974158,0.0135815893213815,1.20992745806243
"124",0.552348400354657,-3.1295766837863,0.0135815893213815,1.20992745806243,0.552348400354657,-3.1295766837863,0.0135815893213815,1.20992745806243
"125",0.500482457071841,-2.74032801118372,-0.0557907459752307,1.33562306779816,0.500482457071841,-2.74032801118372,-0.0557907459752307,1.33562306779816
"126",0.444128643984783,-2.13308268960023,-0.0680329227922801,1.37316850966727,0.444128643984783,-2.13308268960023,-0.0680329227922801,1.37316850966727
"127",0.378187983342761,-1.81519406799164,-0.0680329227922801,1.37316850966727,0.378187983342761,-1.81519406799164,-0.0680329227922801,1.37316850966727
"128",0.295216602457461,-2.09412438957812,-0.0680329227922801,1.37316850966727,0.295216602457461,-2.09412438957812,-0.0680329227922801,1.37316850966727
"129",0.199794490157377,-2.35495561436494,-0.0680329227922801,1.37316850966727,0.199794490157377,-2.35495561436494,-0.0680329227922801,1.37316850966727
"130",0.120850728970123,-2.26560727069467,-0.256309225010193,1.46297747476426,0.120850728970123,-2.26560727069467,-0.256309225010193,1.46297747476426
"131",0.0707136562136533,-1.86536465220822,-0.437202142827404,1.49133820058437,0.0707136562136533,-1.86536465220822,-0.437202142827404,1.49133820058437
"132",0.0242494414073347,-1.21753746057199,-0.437202142827404,1.49133820058437,0.0242494414073347,-1.21753746057199,-0.437202142827404,1.49133820058437
"133",-0.0326463903580092,-0.427896593259045,-0.437202142827404,1.49133820058437,-0.0326463903580092,-0.427896593259045,-0.437202142827404,1.49133820058437
"134",-0.0902272495490288,0.244632364341339,-0.437202142827404,1.49133820058437,-0.0902272495490288,0.244632364341339,-0.437202142827404,1.49133820058437
"135",-0.131969846839749,0.704809039677827,-0.437202142827404,1.60682143872123,-0.131969846839749,0.704809039677827,-0.437202142827404,1.60682143872123
"136",-0.178844802089416,0.987749417831254,-0.496692648845483,1.63047463207456,-0.178844802089416,0.987749417831254,-0.496692648845483,1.63047463207456
"137",-0.153833710720687,1.16305142817297,-0.932956359644727,1.63047463207456,-0.153833710720687,1.16305142817297,-0.932956359644727,1.63047463207456
"138",0.025747583104206,1.2526733206907,-0.932956359644727,1.63047463207456,0.025747583104206,1.2526733206907,-0.932956359644727,1.63047463207456
"139",0.274100127476482,1.27659878044718,-0.932956359644727,1.63047463207456,0.274100127476482,1.27659878044718,-0.932956359644727,1.63047463207456
"140",0.478650593338841,1.27388443444568,-0.932956359644727,1.61426891055133,0.478650593338841,1.27388443444568,-0.932956359644727,1.61426891055133
"141",0.57980245719523,1.28337457404746,-0.82627159562649,1.61285971737539,0.57980245719523,1.28337457404746,-0.82627159562649,1.61285971737539
"142",0.569213685870859,1.3118462400999,-0.0439166594927532,1.61285971737539,0.569213685870859,1.3118462400999,-0.0439166594927532,1.61285971737539
"143",0.576794184527732,1.32128213613166,-0.0439166594927532,1.61285971737539,0.576794184527732,1.32128213613166,-0.0439166594927532,1.61285971737539
"144",0.693313364710988,1.32938941971961,0.102878400572958,2.13561048067365,0.693313364710988,1.32938941971961,0.102878400572958,2.13561048067365
"145",0.891553849919523,1.37747274761144,1.42403394116436,2.72509538396743,0.891553849919523,1.37747274761144,1.42403394116436,2.72509538396743
"146",1.12899443009863,1.45222020491515,1.42403394116436,2.72509538396743,1.12899443009863,1.45222020491515,1.42403394116436,2.72509538396743
"147",1.35892187581369,1.52667539065105,1.42403394116436,2.72509538396743,1.35892187581369,1.52667539065105,1.42403394116436,2.72509538396743
"148",1.53717003139995,1.60905522002479,1.42403394116436,0.440705041203884,1.53717003139995,1.60905522002479,1.42403394116436,0.440705041203884
"149",1.64594836717157,1.71668909357081,1.42403394116436,0.129197267190673,1.64594836717157,1.71668909357081,1.42403394116436,0.129197267190673
"150",1.69765862240309,1.83368801764541,1.42403394116436,0.129197267190673,1.69765862240309,1.83368801764541,1.42403394116436,0.129197267190673
"151",1.71626347391288,1.90011261381098,-0.594621686153572,0.129197267190673,1.71626347391288,1.90011261381098,-0.594621686153572,0.129197267190673
"152",1.71388942520169,1.92530849983248,-0.923240044089049,0.129197267190673,1.71388942520169,1.92530849983248,-0.923240044089049,0.129197267190673
"153",1.68790642637482,1.92994330738511,-0.923240044089049,0.129197267190673,1.68790642637482,1.92994330738511,-0.923240044089049,0.129197267190673
"154",1.64814602692714,1.93934909197593,-0.923240044089049,0.129197267190673,1.64814602692714,1.93934909197593,-0.923240044089049,0.129197267190673
"155",1.60182318204662,1.98176441524919,-0.923240044089049,-0.838095203264634,1.60182318204662,1.98176441524919,-0.923240044089049,-0.838095203264634
"156",1.54065545991218,2.03273590026492,-0.923240044089049,-0.838095203264634,1.54065545991218,2.03273590026492,-0.923240044089049,-0.838095203264634
"157",1.45140583975968,2.05894495265753,-0.784930100873724,-0.838095203264634,1.45140583975968,2.05894495265753,-0.784930100873724,-0.838095203264634
"158",1.3233308972587,2.06400583289544,-0.764263097864537,-0.838095203264634,1.3233308972587,2.06400583289544,-0.764263097864537,-0.838095203264634
"159",1.15736200059638,2.07797233762755,-0.764263097864537,-0.838095203264634,1.15736200059638,2.07797233762755,-0.764263097864537,-0.838095203264634
"160",0.997949684110685,2.10456920445204,-0.764263097864537,-0.13368802911749,0.997949684110685,2.10456920445204,-0.764263097864537,-0.13368802911749
"161",0.886668695259744,2.13562990787991,-0.764263097864537,0.629419742875251,0.886668695259744,2.13562990787991,-0.764263097864537,0.629419742875251
"162",0.81530034375705,2.17249983979898,-0.55945763570883,0.629419742875251,0.81530034375705,2.17249983979898,-0.55945763570883,0.629419742875251
"163",0.767827391133649,2.20741640526618,-0.370406439872793,0.629419742875251,0.767827391133649,2.20741640526618,-0.370406439872793,0.629419742875251
"164",0.744569321346312,2.22142028069757,-0.370406439872793,0.629419742875251,0.744569321346312,2.22142028069757,-0.370406439872793,0.629419742875251
"165",0.737885344354319,2.22526128788392,-0.370406439872793,0.629419742875251,0.737885344354319,2.22526128788392,-0.370406439872793,0.629419742875251
"166",0.712365787023067,2.23395067616936,-0.370406439872793,0.549447744879249,0.712365787023067,2.23395067616936,-0.370406439872793,0.549447744879249
"167",0.643219073823461,2.23998356829579,-0.370406439872793,-0.370230232074774,0.643219073823461,2.23998356829579,-0.370406439872793,-0.370230232074774
"168",0.535270671807802,2.23940866680059,-0.370406439872793,-0.370230232074774,0.535270671807802,2.23940866680059,-0.370406439872793,-0.370230232074774
"169",0.423036320058852,2.22227233264137,-0.370406439872793,-0.370230232074774,0.423036320058852,2.22227233264137,-0.370406439872793,-0.370230232074774
"170",0.351415245015837,2.1831001320792,-0.370406439872793,-0.370230232074774,0.351415245015837,2.1831001320792,-0.370406439872793,-0.370230232074774
"171",0.331093425999697,2.1208851583351,-1.44141404027855,-0.370230232074774,0.331093425999697,2.1208851583351,-1.44141404027855,-0.370230232074774
"172",0.350602389505945,2.02543259121613,-1.60144965872999,-0.370230232074774,0.350602389505945,2.02543259121613,-1.60144965872999,-0.370230232074774
"173",0.37740350532255,1.93274867906741,-1.60144965872999,-0.370230232074774,0.37740350532255,1.93274867906741,-1.60144965872999,-0.370230232074774
"174",0.371886455558202,1.87468638414173,-1.60144965872999,-1.03279656383764,0.371886455558202,1.87468638414173,-1.60144965872999,-1.03279656383764
"175",0.354312940352725,1.86200571174543,-1.60144965872999,-1.13180072835393,0.354312940352725,1.86200571174543,-1.60144965872999,-1.13180072835393
"176",0.341999783697946,1.86387639552512,-1.60144965872999,-1.13180072835393,0.341999783697946,1.86387639552512,-1.60144965872999,-1.13180072835393
"177",0.33039140658172,1.86601848400839,-1.60144965872999,-1.13180072835393,0.33039140658172,1.86601848400839,-1.60144965872999,-1.13180072835393
"178",0.275756458583916,1.86455668239231,-1.60144965872999,-1.13180072835393,0.275756458583916,1.86455668239231,-1.60144965872999,-1.13180072835393
"179",0.0915955209455974,1.85972497796779,-1.60144965872999,-1.13180072835393,0.0915955209455974,1.85972497796779,-1.60144965872999,-1.13180072835393
"180",-0.214211693355073,1.8491583660303,-1.86749091453238,-1.13180072835393,-0.214211693355073,1.8491583660303,-1.86749091453238,-1.13180072835393
"181",-0.595746869609624,1.83322457426084,-2.01074389842597,-1.18227665865934,-0.595746869609624,1.83322457426084,-2.01074389842597,-1.18227665865934
"182",-1.02787367597815,1.81643718900624,-2.01074389842597,-1.55243348089902,-1.02787367597815,1.81643718900624,-2.01074389842597,-1.55243348089902
"183",-1.48052991418246,1.80300242261165,-2.01074389842597,-1.55243348089902,-1.48052991418246,1.80300242261165,-2.01074389842597,-1.55243348089902
"184",-1.91994292135135,1.79096195700755,-2.01074389842597,-1.55243348089902,-1.91994292135135,1.79096195700755,-2.01074389842597,-1.55243348089902
"185",-2.2513648308894,1.78178838459945,-2.01074389842597,-1.55243348089902,-2.2513648308894,1.78178838459945,-2.01074389842597,-1.55243348089902
"186",-2.33956422516239,1.77547717419006,-2.01074389842597,-1.55243348089902,-2.33956422516239,1.77547717419006,-2.01074389842597,-1.55243348089902
"187",-2.1268825303343,1.76259568099845,-2.01074389842597,-1.55243348089902,-2.1268825303343,1.76259568099845,-2.01074389842597,-1.55243348089902
"188",-1.68788845771673,1.74431117881693,-1.55649028023534,-1.55243348089902,-1.68788845771673,1.74431117881693,-1.55649028023534,-1.55243348089902
"189",-1.14694639896386,1.72850725022751,-1.54721979823145,-1.55243348089902,-1.14694639896386,1.72850725022751,-1.54721979823145,-1.55243348089902
"190",-0.609432064952418,1.71673197644824,-1.54721979823145,-1.80212418360529,-0.609432064952418,1.71673197644824,-1.54721979823145,-1.80212418360529
"191",-0.143290567639603,1.70034501823653,-1.54721979823145,-1.80984657647249,-0.143290567639603,1.70034501823653,-1.54721979823145,-1.80984657647249
"192",0.200586817270478,1.64296282332455,-1.54721979823145,-1.80984657647249,0.200586817270478,1.64296282332455,-1.54721979823145,-1.80984657647249
"193",0.384523840126996,1.54955424660322,-0.792913123468599,-1.80984657647249,0.384523840126996,1.54955424660322,-0.792913123468599,-1.80984657647249
"194",0.429250559030168,1.46570182482397,-0.349907616068195,-0.602292826724716,0.429250559030168,1.46570182482397,-0.349907616068195,-0.602292826724716
"195",0.389822409096931,1.43679241241407,-0.349907616068195,2.21533258935343,0.389822409096931,1.43679241241407,-0.349907616068195,2.21533258935343
"196",0.271831567123588,1.46959491742246,0.38434375201129,2.21533258935343,0.271831567123588,1.46959491742246,0.38434375201129,2.21533258935343
"197",0.0701588719777,1.53846052095225,1.74795343558748,2.21533258935343,0.0701588719777,1.53846052095225,1.74795343558748,2.21533258935343
"198",-0.149071898949188,1.61174665778763,1.74795343558748,0.275226739742066,-0.149071898949188,1.61174665778763,1.74795343558748,0.275226739742066
"199",-0.351636544310249,1.64825414063696,1.74795343558748,0.129197267190673,-0.351636544310249,1.64825414063696,1.74795343558748,0.129197267190673
"200",-0.53213583698826,1.64122919658451,1.62737846547492,0.129197267190673,-0.53213583698826,1.64122919658451,1.62737846547492,0.129197267190673
"201",-0.682187808313835,1.60569386576382,0.743162017982853,0.129197267190673,-0.682187808313835,1.60569386576382,0.743162017982853,0.129197267190673
"202",-0.782525867868883,1.56998989966259,0.743162017982853,0.129197267190673,-0.782525867868883,1.56998989966259,0.743162017982853,0.129197267190673
"203",-0.836995467393379,1.55280937465146,0.743162017982853,0.129197267190673,-0.836995467393379,1.55280937465146,0.743162017982853,0.129197267190673
"204",-0.831305047555295,1.55116562444321,0.743162017982853,0.129197267190673,-0.831305047555295,1.55116562444321,0.743162017982853,0.129197267190673
"205",-0.680244942189013,1.55947929706066,0.51723070917676,-0.299476273948746,-0.680244942189013,1.55947929706066,0.51723070917676,-0.299476273948746
"206",-0.470478020943881,1.57671868092317,0.48930661482994,-1.45848251480718,-0.470478020943881,1.57671868092317,0.48930661482994,-1.45848251480718
"207",-0.354250637257861,1.59181312678659,0.48930661482994,-1.45848251480718,-0.354250637257861,1.59181312678659,0.48930661482994,-1.45848251480718
"208",-0.362047287857411,1.58740656077986,0.48930661482994,-1.45848251480718,-0.362047287857411,1.58740656077986,0.48930661482994,-1.45848251480718
"209",-0.474723517659967,1.56075503930766,0.48930661482994,-1.45848251480718,-0.474723517659967,1.56075503930766,0.48930661482994,-1.45848251480718
"210",-0.629129147926734,1.52606237104258,0.48930661482994,-1.45848251480718,-0.629129147926734,1.52606237104258,0.48930661482994,-1.45848251480718
"211",-0.733695539698031,1.49698605174698,0.194981265987136,-1.45848251480718,-0.733695539698031,1.49698605174698,0.194981265987136,-1.45848251480718
"212",-0.708225492029628,1.47591173343675,-0.265373766818275,-1.45848251480718,-0.708225492029628,1.47591173343675,-0.265373766818275,-1.45848251480718
"213",-0.527613810691877,1.4656189552983,-0.265373766818275,-1.23523750429988,-0.527613810691877,1.4656189552983,-0.265373766818275,-1.23523750429988
"214",-0.245662491044742,1.4668208904142,-0.265373766818275,-1.22098782277814,-0.245662491044742,1.4668208904142,-0.265373766818275,-1.22098782277814
"215",0.0733514689474738,1.46948154406349,-0.237372881212001,-1.22098782277814,0.0733514689474738,1.46948154406349,-0.237372881212001,-1.22098782277814
"216",0.368387743965699,1.47130878440525,-0.229008980316621,-1.22098782277814,0.368387743965699,1.47130878440525,-0.229008980316621,-1.22098782277814
"217",0.592514192512065,1.47245050598192,-0.229008980316621,-1.22098782277814,0.592514192512065,1.47245050598192,-0.229008980316621,-1.22098782277814
"218",0.701215331161301,1.4632598364789,-0.229008980316621,-1.22098782277814,0.701215331161301,1.4632598364789,-0.229008980316621,-1.22098782277814
"219",0.678678170367139,1.43884826800874,-0.229008980316621,-1.22098782277814,0.678678170367139,1.43884826800874,-0.229008980316621,-1.22098782277814
"220",0.574451445934335,1.41071154152002,-0.246797580373307,-1.00941693652797,0.574451445934335,1.41071154152002,-0.246797580373307,-1.00941693652797
"221",0.449487504338569,1.38526788776223,-0.258170619753811,-0.988492343382354,0.449487504338569,1.38526788776223,-0.258170619753811,-0.988492343382354
"222",0.30928899096493,1.35978704548732,-0.258170619753811,-0.988492343382354,0.30928899096493,1.35978704548732,-0.258170619753811,-0.988492343382354
"223",0.137831077012876,1.33570901985099,-0.258170619753811,-0.988492343382354,0.137831077012876,1.33570901985099,-0.258170619753811,-0.988492343382354
"224",-0.0729570888457039,1.3344730353567,-0.258170619753811,-0.988492343382354,-0.0729570888457039,1.3344730353567,-0.258170619753811,-0.988492343382354
"225",-0.277581301679728,1.35705705984817,-0.258170619753811,-0.988492343382354,-0.277581301679728,1.35705705984817,-0.258170619753811,-0.988492343382354
"226",-0.453352680317074,1.39154312887356,-0.526912103747611,-0.987259156722524,-0.453352680317074,1.39154312887356,-0.526912103747611,-0.987259156722524
"227",-0.597023597883968,1.42400784947375,-0.563558669746766,-0.865173677399348,-0.597023597883968,1.42400784947375,-0.563558669746766,-0.865173677399348
"228",-0.714856854223125,1.4387240104336,-0.563558669746766,-0.865173677399348,-0.714856854223125,1.4387240104336,-0.563558669746766,-0.865173677399348
"229",-0.787172617113834,1.42413902062825,-0.563558669746766,-0.865173677399348,-0.787172617113834,1.42413902062825,-0.563558669746766,-0.865173677399348
"230",-0.776517344134313,1.37935320382899,-0.563558669746766,-0.865173677399348,-0.776517344134313,1.37935320382899,-0.563558669746766,-0.865173677399348
"231",-0.661513987670373,1.32252383834294,-0.563558669746766,-0.865173677399348,-0.661513987670373,1.32252383834294,-0.563558669746766,-0.865173677399348
"232",-0.447069179570032,1.26994849634046,-0.732555288733723,-0.865173677399348,-0.447069179570032,1.26994849634046,-0.732555288733723,-0.865173677399348
"233",-0.15232487355658,1.20879114608561,-0.753442511305145,-0.723752584341128,-0.15232487355658,1.20879114608561,-0.753442511305145,-0.723752584341128
"234",0.170300617956718,1.13975887390833,-0.753442511305145,-0.543762102267029,0.170300617956718,1.13975887390833,-0.753442511305145,-0.543762102267029
"235",0.479034853875405,1.09955754968645,-0.753442511305145,-0.543762102267029,0.479034853875405,1.09955754968645,-0.753442511305145,-0.543762102267029
"236",0.74747486577609,1.09401632983655,0.445086907516227,-0.543762102267029,0.74747486577609,1.09401632983655,0.445086907516227,-0.543762102267029
"237",0.939953168011541,1.14768227964176,0.563622784102955,-0.543762102267029,0.939953168011541,1.14768227964176,0.563622784102955,-0.543762102267029
"238",1.02166489886857,1.28743035064263,0.563622784102955,-0.543762102267029,1.02166489886857,1.28743035064263,0.563622784102955,-0.543762102267029
"239",0.997992120964555,1.43849463842404,1.11548412212514,-0.401920747296573,0.997992120964555,1.43849463842404,1.11548412212514,-0.401920747296573
"240",0.900635767916452,1.5468216543578,1.54908945914256,-0.0862093442978148,0.900635767916452,1.5468216543578,1.54908945914256,-0.0862093442978148
"241",0.739094018405689,1.60928070548163,1.54908945914256,-0.0862093442978148,0.739094018405689,1.60928070548163,1.54908945914256,-0.0862093442978148
"242",0.521782566324951,1.62073538537437,1.54908945914256,-0.0862093442978148,0.521782566324951,1.62073538537437,1.54908945914256,-0.0862093442978148
"243",0.298988911002147,1.58087290128295,1.54908945914256,-0.0862093442978148,0.298988911002147,1.58087290128295,1.54908945914256,-0.0862093442978148
"244",0.0927142323169153,1.52856265767855,1.54908945914256,-0.0862093442978148,0.0927142323169153,1.52856265767855,1.54908945914256,-0.0862093442978148
"245",-0.110543548324016,1.49430292896474,0.204106415772721,-0.0882005428132625,-0.110543548324016,1.49430292896474,0.204106415772721,-0.0882005428132625
"246",-0.3159067834425,1.47876185653144,-0.69254894647384,-0.285329195842547,-0.3159067834425,1.47876185653144,-0.69254894647384,-0.285329195842547
"247",-0.512738572111607,1.46273076080371,-0.69254894647384,-0.285329195842547,-0.512738572111607,1.46273076080371,-0.69254894647384,-0.285329195842547
"248",-0.704533054474135,1.43027468217773,-0.69254894647384,-0.285329195842547,-0.704533054474135,1.43027468217773,-0.69254894647384,-0.285329195842547
"249",-0.909790973741857,1.38866630908556,-0.69254894647384,-0.285329195842547,-0.909790973741857,1.38866630908556,-0.69254894647384,-0.285329195842547
"250",-1.12218785862792,1.34263164292878,-0.69254894647384,-0.285329195842547,-1.12218785862792,1.34263164292878,-0.69254894647384,-0.285329195842547
"251",-1.32590054164143,1.2999426633673,-0.69254894647384,-0.285329195842547,-1.32590054164143,1.2999426633673,-0.69254894647384,-0.285329195842547
"252",-1.47646037515315,1.26673235994559,-0.69254894647384,-0.292627618394421,-1.47646037515315,1.26673235994559,-0.69254894647384,-0.292627618394421
"253",-1.49155901099261,1.21334301871385,-1.27682000381655,-0.296062170183537,-1.49155901099261,1.21334301871385,-1.27682000381655,-0.296062170183537
"254",-1.35945920891415,1.12865361005395,-1.31411390109375,-0.296062170183537,-1.35945920891415,1.12865361005395,-1.31411390109375,-0.296062170183537
"255",-1.15695709753491,1.03603803490021,-1.07591376065327,-0.296062170183537,-1.15695709753491,1.03603803490021,-1.07591376065327,-0.296062170183537
"256",-0.985015731213064,0.975324050621736,1.66338785441216,-0.296062170183537,-0.985015731213064,0.975324050621736,1.66338785441216,-0.296062170183537
"257",-0.82496349802237,0.969067186551786,1.66338785441216,-0.296062170183537,-0.82496349802237,0.969067186551786,1.66338785441216,-0.296062170183537
"258",-0.612258945945754,0.991802333479841,1.66338785441216,-0.296062170183537,-0.612258945945754,0.991802333479841,1.66338785441216,-0.296062170183537
"259",-0.451867649192943,1.02750025487046,1.74457081234046,-0.666766552403215,-0.451867649192943,1.02750025487046,1.74457081234046,-0.666766552403215
"260",-0.443913154197903,1.04267839708627,1.74795343558748,-0.670511041112504,-0.443913154197903,1.04267839708627,1.74795343558748,-0.670511041112504
"261",-0.559034592070272,1.01437779540983,1.74795343558748,-0.670511041112504,-0.559034592070272,1.01437779540983,1.74795343558748,-0.670511041112504
"262",-0.731900081262769,0.954752927889886,1.74795343558748,-0.670511041112504,-0.731900081262769,0.954752927889886,1.74795343558748,-0.670511041112504
"263",-0.913715778948417,0.894305552439736,1.74795343558748,-0.670511041112504,-0.913715778948417,0.894305552439736,1.74795343558748,-0.670511041112504
"264",-1.06875321806599,0.893309074187957,1.74795343558748,-0.670511041112504,-1.06875321806599,0.893309074187957,1.74795343558748,-0.670511041112504
"265",-1.18959974979119,0.758062966312152,1.74795343558748,-0.670511041112504,-1.18959974979119,0.758062966312152,1.74795343558748,-0.670511041112504
"266",-1.28087072699741,0.806727962598555,1.74795343558748,-1.03203555673337,-1.28087072699741,0.806727962598555,1.74795343558748,-1.03203555673337
"267",-1.34631146079994,0.908207789813307,1.74795343558748,-1.14002339906168,-1.34631146079994,0.908207789813307,1.74795343558748,-1.14002339906168
"268",-1.40097470003366,0.99390221175827,0.64622225518085,-1.14002339906168,-1.40097470003366,0.99390221175827,0.64622225518085,-1.14002339906168
"269",-1.46053551446975,1.06335784257379,-1.92448383243461,-1.14002339906168,-1.46053551446975,1.06335784257379,-1.92448383243461,-1.14002339906168
"270",-1.51235375941885,1.09628012534474,-1.92448383243461,-1.14002339906168,-1.51235375941885,1.09628012534474,-1.92448383243461,-1.14002339906168
"271",-1.53145431133348,1.07864859672057,-1.92448383243461,-1.14002339906168,-1.53145431133348,1.07864859672057,-1.92448383243461,-1.14002339906168
"272",-1.48420967243405,1.05242363375274,0.501185778420481,-1.14002339906168,-1.48420967243405,1.05242363375274,0.501185778420481,-1.14002339906168
"273",-1.36785135552817,1.09744910417521,1.10760318113425,-1.19482646525489,-1.36785135552817,1.09744910417521,1.10760318113425,-1.19482646525489
"274",-1.18003662202243,1.19838299992712,1.10760318113425,-1.41403873002773,-1.18003662202243,1.19838299992712,1.10760318113425,-1.41403873002773
"275",-0.923139003105431,1.26456978297642,1.21640243373305,-1.41403873002773,-0.923139003105431,1.26456978297642,1.21640243373305,-1.41403873002773
"276",-0.625717811401243,1.21729472258284,1.47026735646358,-1.41403873002773,-0.625717811401243,1.21729472258284,1.47026735646358,-1.41403873002773
"277",-0.322892476115054,1.10887084179652,1.47026735646358,-1.41403873002773,-0.322892476115054,1.10887084179652,1.47026735646358,-1.41403873002773
"278",-0.0344865282451098,1.02412448486224,1.47026735646358,-1.41403873002773,-0.0344865282451098,1.02412448486224,1.47026735646358,-1.41403873002773
"279",0.243553269275742,0.99556729129314,1.47026735646358,-1.41403873002773,0.243553269275742,0.99556729129314,1.47026735646358,-1.41403873002773
"280",0.493122768061119,1.0311426134334,1.47026735646358,-1.41403873002773,0.493122768061119,1.0311426134334,1.47026735646358,-1.41403873002773
"281",0.699209931054659,1.07248584141411,1.37452706044148,-1.23510835203057,0.699209931054659,1.07248584141411,1.37452706044148,-1.23510835203057
"282",0.85480793341064,1.07857449529522,-0.923240044089049,-1.2129933614916,0.85480793341064,1.07857449529522,-0.923240044089049,-1.2129933614916
"283",0.943072363024722,1.02923519892765,-0.923240044089049,-1.2129933614916,0.943072363024722,1.02923519892765,-0.923240044089049,-1.2129933614916
"284",0.931948904592348,0.867112642707321,-0.923240044089049,-1.2129933614916,0.931948904592348,0.867112642707321,-0.923240044089049,-1.2129933614916
"285",0.831225204440448,0.674759251970698,-0.923240044089049,-1.2129933614916,0.831225204440448,0.674759251970698,-0.923240044089049,-1.2129933614916
"286",0.676596090660721,0.506334218980841,-0.923240044089049,-1.2129933614916,0.676596090660721,0.506334218980841,-0.923240044089049,-1.2129933614916
"287",0.489290340640117,0.375553121148381,-0.752951301100044,-1.2129933614916,0.489290340640117,0.375553121148381,-0.752951301100044,-1.2129933614916
"288",0.274990266362526,0.276483911178919,-0.575711997172711,-0.950296647293697,0.274990266362526,0.276483911178919,-0.575711997172711,-0.950296647293697
"289",0.0336123741804975,0.21248537409785,-0.575711997172711,-0.927453454754749,0.0336123741804975,0.21248537409785,-0.575711997172711,-0.927453454754749
"290",-0.232098223484723,0.191010955738352,-0.575711997172711,-0.927453454754749,-0.232098223484723,0.191010955738352,-0.575711997172711,-0.927453454754749
"291",-0.494210141440296,0.226015389062255,-0.451852772781866,-0.927453454754749,-0.494210141440296,0.226015389062255,-0.451852772781866,-0.927453454754749
"292",-0.734429904279018,0.312729098432609,0.662880246735745,-0.927453454754749,-0.734429904279018,0.312729098432609,0.662880246735745,-0.927453454754749
"293",-0.952804779065769,0.405984791623142,0.662880246735745,-0.927453454754749,-0.952804779065769,0.405984791623142,0.662880246735745,-0.927453454754749
"294",-1.1673335120824,0.480973168482494,0.662880246735745,-0.86578727548061,-1.1673335120824,0.480973168482494,0.662880246735745,-0.86578727548061
"295",-1.38292023381766,0.529391538707471,0.662880246735745,-0.670511041112504,-1.38292023381766,0.529391538707471,0.662880246735745,-0.670511041112504
"296",-1.59098217683019,0.498209828955294,0.662880246735745,-0.670511041112504,-1.59098217683019,0.498209828955294,0.662880246735745,-0.670511041112504
"297",-1.7465690524501,0.351956757112523,0.539880640203825,-0.670511041112504,-1.7465690524501,0.351956757112523,0.539880640203825,-0.670511041112504
"298",-1.82932988788764,0.178150296711598,-0.703782048063356,-0.670511041112504,-1.82932988788764,0.178150296711598,-0.703782048063356,-0.670511041112504
"299",-1.84251981409442,0.00938468585376452,-0.703782048063356,-0.670511041112504,-1.84251981409442,0.00938468585376452,-0.703782048063356,-0.670511041112504
"300",-1.79489255348002,-0.158152363264925,-0.703782048063356,-0.670511041112504,-1.79489255348002,-0.158152363264925,-0.703782048063356,-0.670511041112504
"301",-1.68230835644795,-0.286887789018275,-0.703782048063356,-0.461024420032369,-1.68230835644795,-0.286887789018275,-0.703782048063356,-0.461024420032369
"302",-1.48911863313381,-0.328311293932394,-0.703782048063356,-0.41188558298888,-1.48911863313381,-0.328311293932394,-0.703782048063356,-0.41188558298888
"303",-1.1821555320878,-0.318196306895816,-0.703782048063356,-0.41188558298888,-1.1821555320878,-0.318196306895816,-0.703782048063356,-0.41188558298888
"304",-0.799096769274808,-0.268202719653748,-0.92659677408494,-0.41188558298888,-0.799096769274808,-0.268202719653748,-0.92659677408494,-0.41188558298888
"305",-0.397237962674988,-0.175069891979804,-0.956980600360611,-0.41188558298888,-0.397237962674988,-0.175069891979804,-0.956980600360611,-0.41188558298888
"306",-0.063994546063725,-0.0785478688739174,-0.956980600360611,-0.41188558298888,-0.063994546063725,-0.0785478688739174,-0.956980600360611,-0.41188558298888
"307",0.124630886607701,0.00423262110958585,-0.956980600360611,-0.214950836652175,0.124630886607701,0.00423262110958585,-0.956980600360611,-0.214950836652175
"308",0.223955895657265,0.0730479610488317,-0.956980600360611,-0.10890905016318,0.223955895657265,0.0730479610488317,-0.956980600360611,-0.10890905016318
"309",0.26943638623923,0.108493508764473,-0.956980600360611,-0.10890905016318,0.26943638623923,0.108493508764473,-0.956980600360611,-0.10890905016318
"310",0.219612587168236,0.100323619912542,-0.876612772131833,-0.10890905016318,0.219612587168236,0.100323619912542,-0.876612772131833,-0.10890905016318
"311",0.0820005655364402,0.0896375151640713,-0.868664305603712,-0.10890905016318,0.0820005655364402,0.0896375151640713,-0.868664305603712,-0.10890905016318
"312",-0.125975899991976,0.092149013009825,-0.868664305603712,-0.10890905016318,-0.125975899991976,0.092149013009825,-0.868664305603712,-0.10890905016318
"313",-0.368335446307926,0.0704519587093095,-0.868664305603712,0.153293590637813,-0.368335446307926,0.0704519587093095,-0.868664305603712,0.153293590637813
"314",-0.608410647831435,0.0312542059315013,-0.868664305603712,0.222993026800102,-0.608410647831435,0.0312542059315013,-0.868664305603712,0.222993026800102
"315",-0.826822611738437,-0.000707318202750552,-0.868664305603712,0.222993026800102,-0.826822611738437,-0.000707318202750552,-0.868664305603712,0.222993026800102
"316",-1.05781624028009,-0.0693073562007144,-0.715215378102109,0.222993026800102,-1.05781624028009,-0.0693073562007144,-0.715215378102109,0.222993026800102
"317",-1.29246806363132,-0.181956611158255,-0.698165497268598,0.222993026800102,-1.29246806363132,-0.181956611158255,-0.698165497268598,0.222993026800102
"318",-1.48808979818877,-0.263495926791604,-0.698165497268598,0.222993026800102,-1.48808979818877,-0.263495926791604,-0.698165497268598,0.222993026800102
"319",-1.65573822822212,-0.281629030927624,-0.698165497268598,0.270985468079261,-1.65573822822212,-0.281629030927624,-0.698165497268598,0.270985468079261
"320",-1.78934082970092,-0.297715061583312,-0.698165497268598,0.27298515313256,-1.78934082970092,-0.297715061583312,-0.698165497268598,0.27298515313256
"321",-1.83302310172705,-0.282408770568301,-0.698165497268598,0.27298515313256,-1.83302310172705,-0.282408770568301,-0.698165497268598,0.27298515313256
"322",-1.76147335855019,-0.223358441066786,-0.812883261664205,0.27298515313256,-1.76147335855019,-0.223358441066786,-0.812883261664205,0.27298515313256
"323",-1.56749458576613,-0.112051915334719,-0.838065209946168,0.27298515313256,-1.56749458576613,-0.112051915334719,-0.838065209946168,0.27298515313256
"324",-1.26315282298425,0.0730907504995183,-0.838065209946168,0.295452370650074,-1.26315282298425,0.0730907504995183,-0.838065209946168,0.295452370650074
"325",-0.899348661315597,0.313875496018027,-0.838065209946168,0.375108869121262,-0.899348661315597,0.313875496018027,-0.838065209946168,0.375108869121262
"326",-0.504696960810858,0.604020577607805,-0.838065209946168,0.375108869121262,-0.504696960810858,0.604020577607805,-0.838065209946168,0.375108869121262
"327",-0.11218806266523,0.957433051066235,-0.808503113610503,0.375108869121262,-0.11218806266523,0.957433051066235,-0.808503113610503,0.375108869121262
"328",0.216091018327205,1.25672763515726,-0.640984567708404,0.375108869121262,0.216091018327205,1.25672763515726,-0.640984567708404,0.375108869121262
"329",0.410898689822009,1.45683330943417,-0.640984567708404,0.375108869121262,0.410898689822009,1.45683330943417,-0.640984567708404,0.375108869121262
"330",0.449001378101965,1.58923945343989,-0.640984567708404,0.447554663036851,0.449001378101965,1.58923945343989,-0.640984567708404,0.447554663036851
"331",0.350617656422886,1.66016245410569,-0.640984567708404,0.506828494422332,0.350617656422886,1.66016245410569,-0.640984567708404,0.506828494422332
"332",0.185927730632885,1.67773551159948,-0.640984567708404,0.506828494422332,0.185927730632885,1.67773551159948,-0.640984567708404,0.506828494422332
"333",0.00358329734922738,1.66607543300078,-0.636547175261291,0.506828494422332,0.00358329734922738,1.66607543300078,-0.636547175261291,0.506828494422332
"334",-0.182256742391283,1.64771833823589,-0.62930721916337,0.506828494422332,-0.182256742391283,1.64771833823589,-0.62930721916337,0.506828494422332
"335",-0.357596334665884,1.63436915074267,-0.62930721916337,0.506828494422332,-0.357596334665884,1.63436915074267,-0.62930721916337,0.506828494422332
"336",-0.528453577377394,1.63049866741726,-0.62930721916337,0.48329439786069,-0.528453577377394,1.63049866741726,-0.62930721916337,0.48329439786069
"337",-0.71429861983645,1.63429347507661,-0.62930721916337,0.480085202875011,-0.71429861983645,1.63429347507661,-0.62930721916337,0.480085202875011
"338",-0.891496722050741,1.63875240677572,-0.62930721916337,0.480085202875011,-0.891496722050741,1.63875240677572,-0.62930721916337,0.480085202875011
"339",-1.0338514933713,1.6403841983602,-0.672502619925362,0.480085202875011,-1.0338514933713,1.6403841983602,-0.672502619925362,0.480085202875011
"340",-1.12698632825083,1.64464207569713,-0.703782048063356,0.480085202875011,-1.12698632825083,1.64464207569713,-0.703782048063356,0.480085202875011
"341",-1.1255307096616,1.66707196941071,-0.703782048063356,0.466438279487024,-1.1255307096616,1.66707196941071,-0.703782048063356,0.466438279487024
"342",-1.02075101232197,1.71680606385958,-0.703782048063356,0.375108869121262,-1.02075101232197,1.71680606385958,-0.703782048063356,0.375108869121262
"343",-0.94513707784942,1.77033529296144,-0.703782048063356,0.375108869121262,-0.94513707784942,1.77033529296144,-0.703782048063356,0.375108869121262
"344",-0.969895704439132,1.81175398639802,-0.703782048063356,0.375108869121262,-0.969895704439132,1.81175398639802,-0.703782048063356,0.375108869121262
"345",-1.06107473512863,1.83786629539285,-0.775150321467258,0.375108869121262,-1.06107473512863,1.83786629539285,-0.775150321467258,0.375108869121262
"346",-1.17537762474242,1.85584417098669,-0.873706508548837,0.375108869121262,-1.17537762474242,1.85584417098669,-0.873706508548837,0.375108869121262
"347",-1.30462924114684,1.86997875043886,-0.873706508548837,0.375108869121262,-1.30462924114684,1.86997875043886,-0.873706508548837,0.375108869121262
"348",-1.44179843593358,1.88034874578471,-0.873706508548837,-0.161836092283209,-1.44179843593358,1.88034874578471,-0.873706508548837,-0.161836092283209
"349",-1.55543855159384,1.88517320963624,-0.873706508548837,-0.2420692474356,-1.55543855159384,1.88517320963624,-0.873706508548837,-0.2420692474356
"350",-1.59537232111526,1.88443429748454,-0.873706508548837,-0.2420692474356,-1.59537232111526,1.88443429748454,-0.873706508548837,-0.2420692474356
"351",-1.53401501319869,1.86505249814513,-0.87521202974916,-0.2420692474356,-1.53401501319869,1.86505249814513,-0.87521202974916,-0.2420692474356
"352",-1.36176227077426,1.80380505180564,-0.883743316550995,-0.2420692474356,-1.36176227077426,1.80380505180564,-0.883743316550995,-0.2420692474356
"353",-1.08386487822442,1.70317491444023,-0.883743316550995,-0.2420692474356,-1.08386487822442,1.70317491444023,-0.883743316550995,-0.2420692474356
"354",-0.746449021838591,1.57608875107327,-0.883743316550995,-0.325991621828084,-0.746449021838591,1.57608875107327,-0.883743316550995,-0.325991621828084
"355",-0.408075317358815,1.44885586099823,-0.883743316550995,-0.641699601685523,-0.408075317358815,1.44885586099823,-0.883743316550995,-0.641699601685523
"356",-0.0918671924405375,1.33963797430678,-0.883743316550995,-0.641699601685523,-0.0918671924405375,1.33963797430678,-0.883743316550995,-0.641699601685523
"357",0.179060636891368,1.21912802632056,-0.780903033953882,-0.641699601685523,0.179060636891368,1.21912802632056,-0.780903033953882,-0.641699601685523
"358",0.349512055624308,1.04479964813476,-0.720504772746054,-0.641699601685523,0.349512055624308,1.04479964813476,-0.720504772746054,-0.641699601685523
"359",0.385002893554621,0.855829152382428,-0.720504772746054,-0.641699601685523,0.385002893554621,0.855829152382428,-0.720504772746054,-0.641699601685523
"360",0.304447825726845,0.700532272386675,-0.720504772746054,-0.641699601685523,0.304447825726845,0.700532272386675,-0.720504772746054,-0.641699601685523
"361",0.148823515971616,0.596392297629339,-0.720504772746054,-0.709496627060302,0.148823515971616,0.596392297629339,-0.720504772746054,-0.709496627060302
"362",-0.0318891685284951,0.539369151053461,-0.720504772746054,-0.847145133124248,-0.0318891685284951,0.539369151053461,-0.720504772746054,-0.847145133124248
"363",-0.211819272591292,0.516631135924235,-0.679741941384775,-0.847145133124248,-0.211819272591292,0.516631135924235,-0.679741941384775,-0.847145133124248
"364",-0.383660843303533,0.513647342509523,-0.652566720477256,-0.847145133124248,-0.383660843303533,0.513647342509523,-0.652566720477256,-0.847145133124248
"365",-0.546823991145678,0.51856566287232,-0.652566720477256,-0.847145133124248,-0.546823991145678,0.51856566287232,-0.652566720477256,-0.847145133124248
"366",-0.708446819198387,0.523566670578633,-0.652566720477256,-0.847145133124248,-0.708446819198387,0.523566670578633,-0.652566720477256,-0.847145133124248
"367",-0.889619840058461,0.527593839903497,-0.652566720477256,-0.847145133124248,-0.889619840058461,0.527593839903497,-0.652566720477256,-0.847145133124248
"368",-1.0652811588878,0.531860630152206,-0.652566720477256,-0.838802795101255,-1.0652811588878,0.531860630152206,-0.652566720477256,-0.838802795101255
"369",-1.21869909725689,0.5366291874376,-0.714171715075897,-0.829009615682958,-1.21869909725689,0.5366291874376,-0.714171715075897,-0.829009615682958
"370",-1.3573429727156,0.542546758257364,-0.731547482783206,-0.829009615682958,-1.3573429727156,0.542546758257364,-0.731547482783206,-0.829009615682958
"371",-1.49537574022783,0.545571930378864,-0.731547482783206,-0.829009615682958,-1.49537574022783,0.545571930378864,-0.731547482783206,-0.829009615682958
"372",-1.64696716880516,0.549141486148253,-0.731547482783206,-0.829009615682958,-1.64696716880516,0.549141486148253,-0.731547482783206,-0.829009615682958
"373",-1.75025441719661,0.558829723155632,-0.731547482783206,-0.829009615682958,-1.75025441719661,0.558829723155632,-0.731547482783206,-0.829009615682958
"374",-1.71839883057359,0.580779337984621,-0.555676459478868,-0.829009615682958,-1.71839883057359,0.580779337984621,-0.555676459478868,-0.829009615682958
"375",-1.50502563928722,0.610415773992513,-0.456749008870178,-0.688646130661129,-1.50502563928722,0.610415773992513,-0.456749008870178,-0.688646130661129
"376",-1.13646251222141,0.611988188207157,-0.456749008870178,-0.651334318186972,-1.13646251222141,0.611988188207157,-0.456749008870178,-0.651334318186972
"377",-0.67083741621778,0.581740199390741,-0.456749008870178,-0.651334318186972,-0.67083741621778,0.581740199390741,-0.456749008870178,-0.651334318186972
"378",-0.193116954323637,0.543383600326554,1.09340409647815,-0.651334318186972,-0.193116954323637,0.543383600326554,1.09340409647815,-0.651334318186972
"379",0.249333738047647,0.49510777596268,1.24671594206205,-0.651334318186972,0.249333738047647,0.49510777596268,1.24671594206205,-0.651334318186972
"380",0.6361780924856,0.485264142244981,1.24671594206205,-0.651334318186972,0.6361780924856,0.485264142244981,1.24671594206205,-0.651334318186972
"381",0.92787143021638,0.52404420271683,1.61261931233561,-0.531777613197067,0.92787143021638,0.52404420271683,1.61261931233561,-0.531777613197067
"382",1.10033911703073,0.539119645579654,1.74795343558748,-0.359732598699399,1.10033911703073,0.539119645579654,1.74795343558748,-0.359732598699399
"383",1.15443722157633,0.530433606643148,1.74795343558748,-0.359732598699399,1.15443722157633,0.530433606643148,1.74795343558748,-0.359732598699399
"384",1.11079738640408,0.503721147574418,1.74795343558748,-0.359732598699399,1.11079738640408,0.503721147574418,1.74795343558748,-0.359732598699399
"385",1.00224055030875,0.463578252440878,1.5694626245226,-0.359732598699399,1.00224055030875,0.463578252440878,1.5694626245226,-0.359732598699399
"386",0.869485564608359,0.461171855015539,1.19016965100974,-0.359732598699399,0.869485564608359,0.461171855015539,1.19016965100974,-0.359732598699399
"387",0.739617578777617,0.508943025456207,1.19016965100974,-0.34951281029434,0.739617578777617,0.508943025456207,1.19016965100974,-0.34951281029434
"388",0.615767518342159,0.58832496799027,1.19016965100974,-0.274567695323904,0.615767518342159,0.58832496799027,1.19016965100974,-0.274567695323904
"389",0.480221878231001,0.637771200613856,0.869298959978488,-0.274567695323904,0.480221878231001,0.637771200613856,0.869298959978488,-0.274567695323904
"390",0.312823584124932,0.602644910782245,0.367424289391148,-0.274567695323904,0.312823584124932,0.602644910782245,0.367424289391148,-0.274567695323904
"391",0.127686167578774,0.475980765379693,0.367424289391148,-0.274567695323904,0.127686167578774,0.475980765379693,0.367424289391148,-0.274567695323904
"392",-0.0523283789229213,0.336142869231738,0.367424289391148,-0.274567695323904,-0.0523283789229213,0.336142869231738,0.367424289391148,-0.274567695323904
"393",-0.209444620103724,0.253023053298685,0.574080040116585,-0.274567695323904,-0.209444620103724,0.253023053298685,0.574080040116585,-0.274567695323904
"394",-0.356672211795235,0.240200045251464,0.743162017982853,-0.102886746168501,-0.356672211795235,0.240200045251464,0.743162017982853,-0.102886746168501
"395",-0.494594401976859,0.281785458720256,0.743162017982853,-0.0975770260915296,-0.494594401976859,0.281785458720256,0.743162017982853,-0.0975770260915296
"396",-0.515468762630984,0.33148545240603,0.743162017982853,-0.0975770260915296,-0.515468762630984,0.33148545240603,0.743162017982853,-0.0975770260915296
"397",-0.363784870014327,0.32147075898367,0.839584867720185,-0.0975770260915296,-0.363784870014327,0.32147075898367,0.839584867720185,-0.0975770260915296
"398",-0.062017437192997,0.244783281239082,0.912324912258875,-0.0975770260915296,-0.062017437192997,0.244783281239082,0.912324912258875,-0.0975770260915296
"399",0.322131141979022,0.170898278947591,0.912324912258875,-0.0975770260915296,0.322131141979022,0.170898278947591,0.912324912258875,-0.0975770260915296
"400",0.699318179533533,0.171120728035112,0.912324912258875,0.0371708669134717,0.699318179533533,0.171120728035112,0.912324912258875,0.0371708669134717
"401",1.01526478302715,0.251747077484818,0.912324912258875,0.0413383275218737,1.01526478302715,0.251747077484818,0.912324912258875,0.0413383275218737
"402",1.25522397323266,0.376901474664097,0.533655153760754,0.0413383275218737,1.25522397323266,0.376901474664097,0.533655153760754,0.0413383275218737
"403",1.40519667734542,0.497237578828565,-0.349907616068195,0.0413383275218737,1.40519667734542,0.497237578828565,-0.349907616068195,0.0413383275218737
"404",1.44370656966424,0.591084873545539,-0.349907616068195,0.0413383275218737,1.44370656966424,0.591084873545539,-0.349907616068195,0.0413383275218737
"405",1.38601556441144,0.660827058211877,-0.349907616068195,0.0619927064497004,1.38601556441144,0.660827058211877,-0.349907616068195,0.0619927064497004
"406",1.27368383215839,0.726336679518718,-0.111755390835068,0.247882116800141,1.27368383215839,0.726336679518718,-0.111755390835068,0.247882116800141
"407",1.15440884408665,0.832999963271459,0.685536841467142,0.247882116800141,1.15440884408665,0.832999963271459,0.685536841467142,0.247882116800141
"408",1.05777547012216,0.972732373319369,0.685536841467142,0.247882116800141,1.05777547012216,0.972732373319369,0.685536841467142,0.247882116800141
"409",0.996633537864352,0.908604091210406,0.685536841467142,0.186165995003218,0.996633537864352,0.908604091210406,0.685536841467142,0.186165995003218
"410",0.970158892559731,0.414910250615984,1.07930465006778,0.129197267190673,0.970158892559731,0.414910250615984,1.07930465006778,0.129197267190673
"411",0.977219971025542,-0.395626667428906,1.2324365756347,0.129197267190673,0.977219971025542,-0.395626667428906,1.2324365756347,0.129197267190673
"412",0.970629665625626,-1.12722546670717,1.2324365756347,0.129197267190673,0.970629665625626,-1.12722546670717,1.2324365756347,0.129197267190673
"413",0.919816449581587,-1.56026666627859,1.2324365756347,0.129197267190673,0.919816449581587,-1.56026666627859,1.2324365756347,0.129197267190673
"414",0.833446497728463,-2.033501687904,1.01771679070885,0.129197267190673,0.833446497728463,-2.033501687904,1.01771679070885,0.129197267190673
"415",0.709780934102817,-2.46195077594672,1.00155508646712,0.129197267190673,0.709780934102817,-2.46195077594672,1.00155508646712,0.129197267190673
"416",0.540808422476477,-2.73280664410458,1.00155508646712,0.129197267190673,0.540808422476477,-2.73280664410458,1.00155508646712,0.129197267190673
"417",0.328375052246539,-2.94844422097945,1.00155508646712,-0.960564623657357,0.328375052246539,-2.94844422097945,1.00155508646712,-0.960564623657357
"418",0.090584713038082,-2.88933648074116,1.00155508646712,-1.71785678509412,0.090584713038082,-2.88933648074116,1.00155508646712,-1.71785678509412
"419",-0.133209658501378,-2.80754117581767,1.00155508646712,-1.71785678509412,-0.133209658501378,-2.80754117581767,1.00155508646712,-1.71785678509412
"420",-0.325790430213245,-2.91161250060041,0.490810073455113,-1.71785678509412,-0.325790430213245,-2.91161250060041,0.490810073455113,-1.71785678509412
"421",-0.499117032049618,-3.09046016556608,0.458209327943708,-1.71785678509412,-0.499117032049618,-3.09046016556608,0.458209327943708,-1.71785678509412
"422",-0.66275388558577,-3.25644754521198,0.458209327943708,-1.33595188448176,-0.66275388558577,-3.25644754521198,0.458209327943708,-1.33595188448176
"423",-0.803042275385694,-3.14291162370042,0.458209327943708,0.828175885654938,-0.803042275385694,-3.14291162370042,0.458209327943708,0.828175885654938
"424",-0.915334244651686,-3.08391963920317,0.18387540941845,0.828175885654938,-0.915334244651686,-3.08391963920317,0.18387540941845,0.828175885654938
"425",-0.997184412806397,-3.15159778876303,-0.913460264682583,0.828175885654938,-0.997184412806397,-3.15159778876303,-0.913460264682583,0.828175885654938
"426",-1.04130597527309,-3.28297756519811,-0.913460264682583,0.828175885654938,-1.04130597527309,-3.28297756519811,-0.913460264682583,0.828175885654938
"427",-1.01427300932802,-1.38005511553583,-0.913460264682583,0.828175885654938,-1.01427300932802,-1.38005511553583,-0.913460264682583,0.828175885654938
"428",-0.933501962065106,-0.169156640234872,-0.913460264682583,1.00818319817385,-0.933501962065106,-0.169156640234872,-0.913460264682583,1.00818319817385
"429",-0.864629622101595,-0.169156640234872,-0.913460264682583,1.0374867141653,-0.864629622101595,-0.169156640234872,-0.913460264682583,1.0374867141653
"430",-0.850834108189494,-0.169156640234872,-0.913460264682583,1.0374867141653,-0.850834108189494,-0.169156640234872,-0.913460264682583,1.0374867141653
"431",-0.860996009615896,-1.5274483296717,-0.963741467848931,1.0374867141653,-0.860996009615896,-1.5274483296717,-0.963741467848931,1.0374867141653
"432",-0.85797497139073,-3.22029882107583,-1.13207419149279,1.0374867141653,-0.85797497139073,-3.22029882107583,-1.13207419149279,1.0374867141653
"433",-0.871978788152618,-3.23390759478899,-1.13207419149279,1.17131228453142,-0.871978788152618,-3.23390759478899,-1.13207419149279,1.17131228453142
"434",-0.928508903941525,-3.30563406548951,-1.13207419149279,1.22597343299082,-0.928508903941525,-3.30563406548951,-1.13207419149279,1.22597343299082
"435",-0.994149660232114,-0.775576067952281,-1.13207419149279,1.22597343299082,-0.994149660232114,-0.775576067952281,-1.13207419149279,1.22597343299082
"436",-0.966313067930338,-0.169156640234872,-1.13207419149279,1.22597343299082,-0.966313067930338,-0.169156640234872,-1.13207419149279,1.22597343299082
"437",-0.801110277235644,-0.169156640234872,-1.10744415658921,1.22597343299082,-0.801110277235644,-0.169156640234872,-1.10744415658921,1.22597343299082
"438",-0.51935087222237,-0.169156640234872,-0.942612384542156,1.32165023283051,-0.51935087222237,-0.169156640234872,-0.942612384542156,1.32165023283051
"439",-0.173072786186777,-0.169156640234872,-0.942612384542156,1.37316850966727,-0.173072786186777,-0.169156640234872,-0.942612384542156,1.37316850966727
"440",0.187283639866278,-0.924669882472701,-0.942612384542156,1.37316850966727,0.187283639866278,-0.924669882472701,-0.942612384542156,1.37316850966727
"441",0.513909494886928,-2.92841184447879,-0.942612384542156,1.37316850966727,0.513909494886928,-2.92841184447879,-0.942612384542156,1.37316850966727
"442",0.757896218536719,-2.12660186292944,-0.942612384542156,1.37316850966727,0.757896218536719,-2.12660186292944,-0.942612384542156,1.37316850966727
"443",0.888131472911724,-1.30871453941199,-0.768189923632059,1.4967225166159,0.888131472911724,-1.30871453941199,-0.768189923632059,1.4967225166159
"444",0.904291375112997,-0.792776253275287,-0.593767462721962,1.56037155049852,0.904291375112997,-0.792776253275287,-0.593767462721962,1.56037155049852
"445",0.811936360550206,-0.766940207174958,-0.593767462721962,1.56037155049852,0.811936360550206,-0.766940207174958,-0.593767462721962,1.56037155049852
"446",0.642479447762624,-1.10277563998361,-0.593767462721962,1.56037155049852,0.642479447762624,-1.10277563998361,-0.593767462721962,1.56037155049852
"447",0.43364182461422,-1.66285685010836,-0.593767462721962,1.56037155049852,0.43364182461422,-1.66285685010836,-0.593767462721962,1.56037155049852
"448",0.235114114358155,-2.26375835534732,-0.587882777157624,1.59973767565617,0.235114114358155,-2.26375835534732,-0.587882777157624,1.59973767565617
"449",0.0698082504106682,-2.71397900552227,-0.476073751435193,1.61285971737539,0.0698082504106682,-2.71397900552227,-0.476073751435193,1.61285971737539
"450",-0.0599377725920832,-3.1253239916339,-0.476073751435193,1.61285971737539,-0.0599377725920832,-3.1253239916339,-0.476073751435193,1.61285971737539
"451",-0.171622342823626,-0.898045314691667,-0.476073751435193,1.61285971737539,-0.171622342823626,-0.898045314691667,-0.476073751435193,1.61285971737539
"452",-0.261319102509574,-0.169156640234872,-0.476073751435193,1.61285971737539,-0.261319102509574,-0.169156640234872,-0.476073751435193,1.61285971737539
"453",-0.325793362841358,-0.169156640234872,-0.476073751435193,1.61285971737539,-0.325793362841358,-0.169156640234872,-0.476073751435193,1.61285971737539
"454",-0.358847273063588,-0.169156640234872,-0.520691059774095,1.61285971737539,-0.358847273063588,-0.169156640234872,-0.520691059774095,1.61285971737539
"455",-0.360885018333239,-2.68681905650358,-0.563558669746766,1.61285971737539,-0.360885018333239,-2.68681905650358,-0.563558669746766,1.61285971737539
"456",-0.418920434881764,-2.03272778743509,-0.563558669746766,1.61285971737539,-0.418920434881764,-2.03272778743509,-0.563558669746766,1.61285971737539
"457",-0.377838713961671,-0.991996414818521,-0.563558669746766,1.61285971737539,-0.377838713961671,-0.991996414818521,-0.563558669746766,1.61285971737539
"458",-0.13726073922433,-0.255422594483962,-0.563558669746766,-2.68236964072317,-0.13726073922433,-0.255422594483962,-0.563558669746766,-2.68236964072317
"459",0.199989164911815,0.166269544133588,-0.563558669746766,-2.68236964072317,0.199989164911815,0.166269544133588,-0.563558669746766,-2.68236964072317
"460",0.547473509893273,0.378465405730003,-0.629906317914811,-2.68236964072317,0.547473509893273,0.378465405730003,-0.629906317914811,-2.68236964072317
"461",0.84271524138694,0.48376016312341,-0.664085409395319,-2.68236964072317,0.84271524138694,0.48376016312341,-0.664085409395319,-2.68236964072317
"462",1.05044269228706,0.524393427230353,-0.664085409395319,-0.882966819658312,1.05044269228706,0.524393427230353,-0.664085409395319,-0.882966819658312
"463",1.17380032996085,0.530035870290609,-0.664085409395319,0.129197267190673,1.17380032996085,0.530035870290609,-0.664085409395319,0.129197267190673
"464",1.22136505659343,0.606696389746997,-0.664085409395319,0.129197267190673,1.22136505659343,0.606696389746997,-0.664085409395319,0.129197267190673
"465",1.21166530285612,0.78201980858049,-0.611861006581686,0.129197267190673,1.21166530285612,0.78201980858049,-0.611861006581686,0.129197267190673
"466",1.17388459989221,0.961229355375385,-0.463222321650577,0.129197267190673,1.17388459989221,0.961229355375385,-0.463222321650577,0.129197267190673
"467",1.1319080823826,1.0935102464841,-0.463222321650577,0.146531001377574,1.1319080823826,1.0935102464841,-0.463222321650577,0.146531001377574
"468",1.09670153687171,1.14303768096591,-0.463222321650577,0.173642739464779,1.09670153687171,1.14303768096591,-0.463222321650577,0.173642739464779
"469",1.05530110827875,1.13766759556207,-0.463222321650577,0.173642739464779,1.05530110827875,1.13766759556207,-0.463222321650577,0.173642739464779
"470",1.00556735814158,1.1982404026813,-0.463222321650577,0.173642739464779,1.00556735814158,1.1982404026813,-0.463222321650577,0.173642739464779
"471",0.960519257698735,1.35364291947445,-0.517318273423955,0.173642739464779,0.960519257698735,1.35364291947445,-0.517318273423955,0.173642739464779
"472",0.932793328981338,1.52036268541369,-0.545185884943574,0.861309040995966,0.932793328981338,1.52036268541369,-0.545185884943574,0.861309040995966
"473",0.921523842919693,1.66141540022612,-0.545185884943574,1.70179007620075,0.921523842919693,1.66141540022612,-0.545185884943574,1.70179007620075
"474",0.917728418365175,1.74001317469164,-0.545185884943574,1.70179007620075,0.917728418365175,1.74001317469164,-0.545185884943574,1.70179007620075
"475",0.917794575005252,1.73464604157305,-0.545185884943574,1.70179007620075,0.917794575005252,1.73464604157305,-0.545185884943574,1.70179007620075
"476",0.921964599674314,1.72810084387273,-0.545185884943574,0.600975109893696,0.921964599674314,1.72810084387273,-0.545185884943574,0.600975109893696
"477",0.922113387424161,1.76386605120742,-0.604987871541321,0.129197267190673,0.922113387424161,1.76386605120742,-0.604987871541321,0.129197267190673
"478",0.918023751266902,1.86037616240291,-0.611632536718849,0.129197267190673,0.918023751266902,1.86037616240291,-0.611632536718849,0.129197267190673
"479",0.90949773880491,1.99487709292928,-0.611632536718849,0.129197267190673,0.90949773880491,1.99487709292928,-0.611632536718849,0.129197267190673
"480",0.894736268944668,2.11122674781709,-0.611632536718849,0.129197267190673,0.894736268944668,2.11122674781709,-0.611632536718849,0.129197267190673
"481",0.866590025615672,2.18255853721975,-0.611632536718849,0.129197267190673,0.866590025615672,2.18255853721975,-0.611632536718849,0.129197267190673
"482",0.837197760353751,2.21032613462623,-0.622647639980907,-0.0229383698684268,0.837197760353751,2.21032613462623,-0.622647639980907,-0.0229383698684268
"483",0.81571358555967,2.17891905152932,-0.664085409395319,-0.120205416512768,0.81571358555967,2.17891905152932,-0.664085409395319,-0.120205416512768
"484",0.798258755538999,2.10088711616441,-0.664085409395319,-0.120205416512768,0.798258755538999,2.10088711616441,-0.664085409395319,-0.120205416512768
"485",0.782515890306139,2.00287867349428,-0.664085409395319,-0.120205416512768,0.782515890306139,2.00287867349428,-0.664085409395319,-0.120205416512768
"486",0.762252465090953,1.80159513550315,-0.664085409395319,0.591119783607282,0.762252465090953,1.80159513550315,-0.664085409395319,0.591119783607282
"487",0.733221258101995,1.57605605171139,-0.664085409395319,2.72509538396743,0.733221258101995,1.57605605171139,-0.664085409395319,2.72509538396743
"488",0.706202869043728,1.34897542657394,-0.686466571014296,2.72509538396743,0.706202869043728,1.34897542657394,-0.686466571014296,2.72509538396743
"489",0.666959560935375,1.17966653450385,-0.714951685802084,2.72509538396743,0.666959560935375,1.17966653450385,-0.714951685802084,2.72509538396743
"490",0.622331861357899,1.11931751247464,-0.714951685802084,2.72509538396743,0.622331861357899,1.11931751247464,-0.714951685802084,2.72509538396743
"491",0.583306171506279,1.08627403652589,-0.714951685802084,2.72509538396743,0.583306171506279,1.08627403652589,-0.714951685802084,2.72509538396743
"492",0.535344160018161,1.07705617983914,-0.714951685802084,2.72509538396743,0.535344160018161,1.07705617983914,-0.714951685802084,2.72509538396743
"493",0.489948284382631,1.12792374628281,-0.714951685802084,0.285826283317366,0.489948284382631,1.12792374628281,-0.714951685802084,0.285826283317366
"494",0.462512082072039,1.19095143930971,-0.702182124384985,-0.442786564928758,0.462512082072039,1.19095143930971,-0.702182124384985,-0.442786564928758
"495",0.421814794196045,1.24751699101547,-0.69254894647384,-0.442786564928758,0.421814794196045,1.24751699101547,-0.69254894647384,-0.442786564928758
"496",0.344513563513342,1.2744404964371,-0.69254894647384,-0.442786564928758,0.344513563513342,1.2744404964371,-0.69254894647384,-0.442786564928758
"497",0.286245520552447,1.21105067666274,-0.69254894647384,-0.442786564928758,0.286245520552447,1.21105067666274,-0.69254894647384,-0.442786564928758
"498",0.330122984855618,1.08334018905078,-0.479150478921406,-0.0545863648016041,0.330122984855618,1.08334018905078,-0.479150478921406,-0.0545863648016041
"499",0.490440534636765,0.944455993849397,0.196611334994632,0.7703390604686,0.490440534636765,0.944455993849397,0.196611334994632,0.7703390604686
"500",0.713597663338037,0.810614083693091,0.196611334994632,0.7703390604686,0.713597663338037,0.810614083693091,0.196611334994632,0.7703390604686
"501",0.927484582066776,0.638006374424485,0.196611334994632,0.7703390604686,0.927484582066776,0.638006374424485,0.196611334994632,0.7703390604686
"502",1.07358768338451,0.447551865421257,0.253611392580079,0.7703390604686,1.07358768338451,0.447551865421257,0.253611392580079,0.7703390604686
"503",1.15206619174702,0.288036735870662,0.766611910849103,0.7703390604686,1.15206619174702,0.288036735870662,0.766611910849103,0.7703390604686
"504",1.18843043533238,0.152310139834347,0.766611910849103,0.80886580284889,1.18843043533238,0.152310139834347,0.766611910849103,0.80886580284889
"505",1.19278694064792,0.0596064212149949,0.766611910849103,0.813627535053196,1.19278694064792,0.0596064212149949,0.766611910849103,0.813627535053196
"506",1.16753252739959,-0.00701843518539442,1.54187171539242,0.813627535053196,1.16753252739959,-0.00701843518539442,1.54187171539242,0.813627535053196
"507",1.12826748334169,-0.0873239104683252,1.74795343558748,0.813627535053196,1.12826748334169,-0.0873239104683252,1.74795343558748,0.813627535053196
"508",1.08898639608294,-0.158654158329635,1.74795343558748,0.813627535053196,1.08898639608294,-0.158654158329635,1.74795343558748,0.813627535053196
"509",1.05273479991863,-0.178272794475789,1.71759550256293,0.740213990560815,1.05273479991863,-0.178272794475789,1.71759550256293,0.740213990560815
"510",1.01774475136548,-0.128876718001986,1.64676032550565,0.427240458777505,1.01774475136548,-0.128876718001986,1.64676032550565,0.427240458777505
"511",0.97050615022981,-0.055559189779207,1.64676032550565,0.427240458777505,0.97050615022981,-0.055559189779207,1.64676032550565,0.427240458777505
"512",0.898924579412552,-0.0245603348586539,1.64676032550565,0.427240458777505,0.898924579412552,-0.0245603348586539,1.64676032550565,0.427240458777505
"513",0.822096536901248,-0.0298743081575045,1.52526512955666,0.427240458777505,0.822096536901248,-0.0298743081575045,1.52526512955666,0.427240458777505
"514",0.770041697866453,-0.0420423946996759,0.887415350824496,0.427240458777505,0.770041697866453,-0.0420423946996759,0.887415350824496,0.427240458777505
"515",0.750900434173306,-0.0414490881350804,0.887415350824496,0.41606632709915,0.750900434173306,-0.0414490881350804,0.887415350824496,0.41606632709915
"516",0.757699042423008,-0.0201860477934388,0.887415350824496,-0.131466125140295,0.757699042423008,-0.0201860477934388,0.887415350824496,-0.131466125140295
"517",0.786121556570997,0.00206652195201574,1.06741755349589,-0.131466125140295,0.786121556570997,0.00206652195201574,1.06741755349589,-0.131466125140295
"518",0.827913922285869,-0.00446508215643634,1.12118444520293,-0.131466125140295,0.827913922285869,-0.00446508215643634,1.12118444520293,-0.131466125140295
"519",0.874915756828304,-0.0264344754280244,1.12118444520293,-0.131466125140295,0.874915756828304,-0.0264344754280244,1.12118444520293,-0.131466125140295
"520",0.917052878853983,-0.0359835299372366,1.12283069749238,-0.131466125140295,0.917052878853983,-0.0359835299372366,1.12283069749238,-0.131466125140295
"521",0.943332504389094,-0.00636253269948883,1.1623407524391,-0.131466125140295,0.943332504389094,-0.00636253269948883,1.1623407524391,-0.131466125140295
"522",0.95423894834111,0.0605568982380504,1.1623407524391,-0.245037396220132,0.95423894834111,0.0605568982380504,1.1623407524391,-0.245037396220132
"523",0.956120574290632,0.160866581857055,1.1623407524391,-0.296062170183537,0.956120574290632,0.160866581857055,1.1623407524391,-0.296062170183537
"524",0.968408286083843,0.27076142942346,1.1623407524391,-0.296062170183537,0.968408286083843,0.27076142942346,1.1623407524391,-0.296062170183537
"525",0.988912963088202,0.348690922358935,1.1623407524391,-0.296062170183537,0.988912963088202,0.348690922358935,1.1623407524391,-0.296062170183537
"526",0.996262991676905,0.386748027967679,0.256806162828759,-0.296062170183537,0.996262991676905,0.386748027967679,0.256806162828759,-0.296062170183537
"527",0.986352174969231,0.408347077609307,-0.322142181348346,-0.296062170183537,0.986352174969231,0.408347077609307,-0.322142181348346,-0.296062170183537
"528",0.973948193096719,0.429491096945049,-0.322142181348346,-0.194999485372544,0.973948193096719,0.429491096945049,-0.322142181348346,-0.194999485372544
"529",0.962119868872023,0.466192748605211,-0.322142181348346,-0.10890905016318,0.962119868872023,0.466192748605211,-0.322142181348346,-0.10890905016318
"530",0.92306502524681,0.535408903308349,-0.322142181348346,-0.10890905016318,0.92306502524681,0.535408903308349,-0.322142181348346,-0.10890905016318
"531",0.912959188769625,0.613797177633653,-0.379735625938663,-0.10890905016318,0.912959188769625,0.613797177633653,-0.379735625938663,-0.10890905016318
"532",0.964238778937389,0.668404032891555,-0.514120329982736,-0.10890905016318,0.964238778937389,0.668404032891555,-0.514120329982736,-0.10890905016318
"533",1.05750204567751,0.688930949869929,-0.514120329982736,-0.10890905016318,1.05750204567751,0.688930949869929,-0.514120329982736,-0.10890905016318
"534",1.16604050972025,0.686890934780424,-0.514120329982736,-0.150323711453361,1.16604050972025,0.686890934780424,-0.514120329982736,-0.150323711453361
"535",1.27239925479116,0.657636614172768,-0.514120329982736,-0.274567695323904,1.27239925479116,0.657636614172768,-0.514120329982736,-0.274567695323904
"536",1.35873755151141,0.606687827185522,-0.514120329982736,-0.274567695323904,1.35873755151141,0.606687827185522,-0.514120329982736,-0.274567695323904
"537",1.40964254156463,0.539344930168984,-0.504924100684268,-0.274567695323904,1.40964254156463,0.539344930168984,-0.504924100684268,-0.274567695323904
"538",1.42653603206298,0.483271176865882,-0.501522755601272,-0.274567695323904,1.42653603206298,0.483271176865882,-0.501522755601272,-0.274567695323904
"539",1.42245381372977,0.439835329865082,-0.501522755601272,-0.274567695323904,1.42245381372977,0.439835329865082,-0.501522755601272,-0.274567695323904
"540",1.40164569596949,0.368750065622964,-0.501522755601272,-0.239436637815682,1.40164569596949,0.368750065622964,-0.501522755601272,-0.239436637815682
"541",1.37005085448722,0.298604795922752,-0.501522755601272,-0.0403606452690882,1.37005085448722,0.298604795922752,-0.501522755601272,-0.0403606452690882
"542",1.33997692569657,0.269769470924193,-0.501522755601272,-0.0403606452690882,1.33997692569657,0.269769470924193,-0.501522755601272,-0.0403606452690882
"543",1.31593705175584,0.259647803875117,-0.694130465635482,-0.0403606452690882,1.31593705175584,0.259647803875117,-0.694130465635482,-0.0403606452690882
"544",1.31100023108901,0.224140781359144,-0.822535605658289,-0.0403606452690882,1.31100023108901,0.224140781359144,-0.822535605658289,-0.0403606452690882
"545",1.32756681980653,0.17055881285792,-0.822535605658289,-0.0403606452690882,1.32756681980653,0.17055881285792,-0.822535605658289,-0.0403606452690882
"546",1.34835846309712,0.11995832545939,-0.822535605658289,-0.0403606452690882,1.34835846309712,0.11995832545939,-0.822535605658289,-0.0403606452690882
"547",1.3554813855146,0.0822042962218848,-0.822535605658289,-0.217864215175619,1.3554813855146,0.0822042962218848,-0.822535605658289,-0.217864215175619
"548",1.35516043524377,0.0613029575359919,-0.822535605658289,-0.2420692474356,1.35516043524377,0.0613029575359919,-0.822535605658289,-0.2420692474356
"549",1.34990300932119,0.0497995088806849,-0.864976738553662,-0.2420692474356,1.34990300932119,0.0497995088806849,-0.864976738553662,-0.2420692474356
"550",1.34431273010778,0.0326770018802024,-1.05831967729925,-0.2420692474356,1.34431273010778,0.0326770018802024,-1.05831967729925,-0.2420692474356
"551",1.33888926568175,0.00946881664054017,-1.05831967729925,-0.2420692474356,1.33888926568175,0.00946881664054017,-1.05831967729925,-0.2420692474356
"552",1.33328975731516,-0.0889976039493815,-1.05831967729925,-0.2420692474356,1.33328975731516,-0.0889976039493815,-1.05831967729925,-0.2420692474356
"553",1.32013036494226,-0.477577574601555,-1.05831967729925,0.193843409537075,1.32013036494226,-0.477577574601555,-1.05831967729925,0.193843409537075
"554",1.29587132017697,-1.25199684224676,-1.05831967729925,0.198246567688314,1.29587132017697,-1.25199684224676,-1.05831967729925,0.198246567688314
"555",1.26917224256794,-2.13584377700387,-0.0340253106366014,0.198246567688314,1.26917224256794,-2.13584377700387,-0.0340253106366014,0.198246567688314
"556",1.24830823236598,-2.8514731889216,0.54214027061114,0.198246567688314,1.24830823236598,-2.8514731889216,0.54214027061114,0.198246567688314
"557",1.23902318674534,-3.01858019531265,1.55502332919126,0.198246567688314,1.23902318674534,-3.01858019531265,1.55502332919126,0.198246567688314
"558",1.2588957961376,-0.169156640234872,1.74795343558748,0.33602230050458,1.2588957961376,-0.169156640234872,1.74795343558748,0.33602230050458
"559",1.3233942937782,-0.169156640234872,1.74795343558748,0.560814285625857,1.3233942937782,-0.169156640234872,1.74795343558748,0.560814285625857
"560",1.41535443859096,-0.169156640234872,1.74795343558748,0.560814285625857,1.41535443859096,-0.169156640234872,1.74795343558748,0.560814285625857
"561",1.4911032739567,-2.47378173399983,1.74761136543173,0.560814285625857,1.4911032739567,-2.47378173399983,1.74761136543173,0.560814285625857
"562",1.53118703878071,-2.9841434690299,1.73084992780005,0.560814285625857,1.53118703878071,-2.9841434690299,1.73084992780005,0.560814285625857
"563",1.54051745388333,-2.64677303474792,1.73084992780005,0.560814285625857,1.54051745388333,-2.64677303474792,1.73084992780005,0.560814285625857
"564",1.53109310842733,-2.34308616642347,1.50640303846389,0.87210619923667,1.53109310842733,-2.34308616642347,1.50640303846389,0.87210619923667
"565",1.50801013378909,-2.00176840531566,1.43936046112972,0.87210619923667,1.50801013378909,-2.00176840531566,1.43936046112972,0.87210619923667
"566",1.47895779462697,-1.78555933702191,1.43936046112972,0.87210619923667,1.47895779462697,-1.78555933702191,1.43936046112972,0.87210619923667
"567",1.45000775243372,-1.61587118373874,1.47598925725065,0.87210619923667,1.45000775243372,-1.61587118373874,1.47598925725065,0.87210619923667
"568",1.42738140524342,-1.56591833055889,1.51729406989766,0.87210619923667,1.42738140524342,-1.56591833055889,1.51729406989766,0.87210619923667
"569",1.40667316934652,-1.56576571796567,1.51729406989766,0.87210619923667,1.40667316934652,-1.56576571796567,1.51729406989766,0.87210619923667
"570",1.37578103731236,-1.46613216372356,1.51729406989766,0.87210619923667,1.37578103731236,-1.46613216372356,1.51729406989766,0.87210619923667
"571",1.33794504568315,-1.02805498214263,1.51729406989766,0.87210619923667,1.33794504568315,-1.02805498214263,1.51729406989766,0.87210619923667
"572",1.30736644609577,-0.54402538731406,1.51729406989766,0.87210619923667,1.30736644609577,-0.54402538731406,1.51729406989766,0.87210619923667
"573",1.2860133770291,-0.15231179009971,1.46752394112171,0.87210619923667,1.2860133770291,-0.15231179009971,1.46752394112171,0.87210619923667
"574",1.27159381710532,0.149242332416294,-0.971212368899871,-1.56525713880001,1.27159381710532,0.149242332416294,-0.971212368899871,-1.56525713880001
"575",1.25172319154973,0.391580825485152,-0.971212368899871,-2.93627401644564,1.25172319154973,0.391580825485152,-0.971212368899871,-2.93627401644564
"576",1.19079171848591,0.558021427629361,-0.971212368899871,-2.93627401644564,1.19079171848591,0.558021427629361,-0.971212368899871,-2.93627401644564
"577",1.10446937871273,0.659348752760718,-0.971212368899871,-2.93627401644564,1.10446937871273,0.659348752760718,-0.971212368899871,-2.93627401644564
"578",1.02812875624455,0.728747332532439,-0.971212368899871,-2.93627401644564,1.02812875624455,0.728747332532439,-0.971212368899871,-2.93627401644564
"579",0.974398696527127,0.782595786818959,-0.971212368899871,-0.364039267054735,0.974398696527127,0.782595786818959,-0.971212368899871,-0.364039267054735
"580",0.922101570657942,0.817252990290413,-0.971212368899871,1.42344589777624,0.922101570657942,0.817252990290413,-0.971212368899871,1.42344589777624
"581",0.863488943893777,0.850583058862074,-0.31431245568505,1.42344589777624,0.863488943893777,0.850583058862074,-0.31431245568505,1.42344589777624
"582",0.831780247437706,0.900194615656848,1.03327114589854,1.42344589777624,0.831780247437706,0.900194615656848,1.03327114589854,1.42344589777624
"583",0.8400909704947,0.95020677853753,1.74795343558748,1.42344589777624,0.8400909704947,0.95020677853753,1.74795343558748,1.42344589777624
"584",0.869711376973056,1.06493450770548,1.74795343558748,1.40530752771718,0.869711376973056,1.06493450770548,1.74795343558748,1.40530752771718
"585",0.887110314552044,1.26748222638352,1.74795343558748,1.3898563235928,0.887110314552044,1.26748222638352,1.74795343558748,1.3898563235928
"586",0.870559165258998,1.4378047940005,1.74795343558748,1.3898563235928,0.870559165258998,1.4378047940005,1.74795343558748,1.3898563235928
"587",0.837792480084301,1.46978891806515,1.74795343558748,1.3898563235928,0.837792480084301,1.46978891806515,1.74795343558748,1.3898563235928
"588",0.809074546780819,1.39773316479051,1.74795343558748,1.3898563235928,0.809074546780819,1.39773316479051,1.74795343558748,1.3898563235928
"589",0.772860298498058,1.31347284649985,1.64438296965512,1.3074014070941,0.772860298498058,1.31347284649985,1.64438296965512,1.3074014070941
"590",0.701526017233736,1.29687909752361,1.63025972430071,1.11500660193047,0.701526017233736,1.29687909752361,1.63025972430071,1.11500660193047
"591",0.608170890230665,1.31549147620668,1.63025972430071,1.11500660193047,0.608170890230665,1.31549147620668,1.63025972430071,1.11500660193047
"592",0.518097805354812,1.31261320830409,1.63025972430071,1.11500660193047,0.518097805354812,1.31261320830409,1.63025972430071,1.11500660193047
"593",0.46784273744368,1.2921718468704,1.63025972430071,1.11500660193047,0.46784273744368,1.2921718468704,1.63025972430071,1.11500660193047
"594",0.452080982635622,1.25749888230652,1.63025972430071,1.11500660193047,0.452080982635622,1.25749888230652,1.63025972430071,1.11500660193047
"595",0.455926348121829,1.19791396495167,0.475444523221521,0.703473700055885,0.455926348121829,1.19791396495167,0.475444523221521,0.703473700055885
"596",0.475234340348573,1.12143308644677,-0.146379046590348,0.440362500496725,0.475234340348573,1.12143308644677,-0.146379046590348,0.440362500496725
"597",0.498091933890957,1.06801804818794,-0.146379046590348,0.440362500496725,0.498091933890957,1.06801804818794,-0.146379046590348,0.440362500496725
"598",0.502584978921282,1.01525165782801,0.4443802375377,0.440362500496725,0.502584978921282,1.01525165782801,0.4443802375377,0.440362500496725
"599",0.481237947618365,0.937456402004605,0.662880246735745,0.440362500496725,0.481237947618365,0.937456402004605,0.662880246735745,0.440362500496725
"600",0.444907343002536,0.869407815696341,0.662880246735745,0.440362500496725,0.444907343002536,0.869407815696341,0.662880246735745,0.440362500496725
"601",0.390138442902984,0.810706746210514,0.662880246735745,0.440362500496725,0.390138442902984,0.810706746210514,0.662880246735745,0.440362500496725
"602",0.322507553422694,0.735621513841278,0.654612493574309,-0.583292252946176,0.322507553422694,0.735621513841278,0.654612493574309,-0.583292252946176
"603",0.275693579587023,0.660521973165552,0.387288474687864,-0.583292252946176,0.275693579587023,0.660521973165552,0.387288474687864,-0.583292252946176
"604",0.223147870358383,0.606541007050688,0.387288474687864,-0.583292252946176,0.223147870358383,0.606541007050688,0.387288474687864,-0.583292252946176
"605",0.133714184664919,0.577104209989739,0.387288474687864,-0.583292252946176,0.133714184664919,0.577104209989739,0.387288474687864,-0.583292252946176
"606",0.0301560131880957,0.552081032655007,0.982345530791289,-0.583292252946176,0.0301560131880957,0.552081032655007,0.982345530791289,-0.583292252946176
"607",-0.0794323317190713,0.524578771884817,1.27543333454372,-0.583292252946176,-0.0794323317190713,0.524578771884817,1.27543333454372,-0.583292252946176
"608",-0.193535457606107,0.49432941436654,1.27543333454372,-0.583292252946176,-0.193535457606107,0.49432941436654,1.27543333454372,-0.583292252946176
"609",-0.302361146696375,0.470472328975751,1.27543333454372,-0.909830481410394,-0.302361146696375,0.470472328975751,1.27543333454372,-0.909830481410394
"610",-0.371191998597465,0.445376446945551,1.01887437134723,-1.46582800555217,-0.371191998597465,0.445376446945551,1.01887437134723,-1.46582800555217
"611",-0.406326953480896,0.415629038646119,0.520848148671689,-1.46582800555217,-0.406326953480896,0.415629038646119,0.520848148671689,-1.46582800555217
"612",-0.441746545798817,0.372850051755394,0.520848148671689,-1.46582800555217,-0.441746545798817,0.372850051755394,0.520848148671689,-1.46582800555217
"613",-0.483599461658846,0.296980898898499,0.520848148671689,-1.46582800555217,-0.483599461658846,0.296980898898499,0.520848148671689,-1.46582800555217
"614",-0.539261433272555,0.220334482209755,0.520848148671689,-1.46582800555217,-0.539261433272555,0.220334482209755,0.520848148671689,-1.46582800555217
"615",-0.616791926470676,0.173525392394272,0.408254392434262,-1.46582800555217,-0.616791926470676,0.173525392394272,0.408254392434262,-1.46582800555217
"616",-0.704122055269483,0.193721732838068,-0.41743315330687,-1.46582800555217,-0.704122055269483,0.193721732838068,-0.41743315330687,-1.46582800555217
"617",-0.761279063444415,0.305266356637983,-0.41743315330687,-1.46046579730832,-0.761279063444415,0.305266356637983,-0.41743315330687,-1.46046579730832
"618",-0.769215790163241,0.469040975136913,-0.41743315330687,-1.45848251480718,-0.769215790163241,0.469040975136913,-0.41743315330687,-1.45848251480718
"619",-0.738452089989681,0.640153330441344,-0.41743315330687,-1.45848251480718,-0.738452089989681,0.640153330441344,-0.41743315330687,-1.45848251480718
"620",-0.696993871372147,0.775697384625643,0.26620230325721,-1.45848251480718,-0.696993871372147,0.775697384625643,0.26620230325721,-1.45848251480718
"621",-0.657057514237692,0.849951516933634,0.447928184116016,-1.45848251480718,-0.657057514237692,0.849951516933634,0.447928184116016,-1.45848251480718
"622",-0.607542589910005,0.875734528406065,0.447928184116016,-1.45848251480718,-0.607542589910005,0.875734528406065,0.447928184116016,-1.45848251480718
"623",-0.580879911391084,0.865947924711151,0.447928184116016,-1.45848251480718,-0.580879911391084,0.865947924711151,0.447928184116016,-1.45848251480718
"624",-0.629231703656919,0.80894759061152,0.735507008300777,-1.31739432224214,-0.629231703656919,0.80894759061152,0.735507008300777,-1.31739432224214
"625",-0.717433340527877,0.738093450130497,0.790283927193112,-1.16454878029668,-0.717433340527877,0.738093450130497,0.790283927193112,-1.16454878029668
"626",-0.806690637265725,0.696711763028882,0.790283927193112,-1.16454878029668,-0.806690637265725,0.696711763028882,0.790283927193112,-1.16454878029668
"627",-0.872850209971,0.68932157177559,1.26056692749658,-1.16454878029668,-0.872850209971,0.68932157177559,1.26056692749658,-1.16454878029668
"628",-0.930179984443291,0.724134176628702,1.73084992780005,-1.16454878029668,-0.930179984443291,0.724134176628702,1.73084992780005,-1.16454878029668
"629",-0.975336592126312,0.809808606851814,1.73084992780005,-1.16454878029668,-0.975336592126312,0.809808606851814,1.73084992780005,-1.16454878029668
"630",-0.982428290679772,0.905111439066215,1.73084992780005,-1.16454878029668,-0.982428290679772,0.905111439066215,1.73084992780005,-1.16454878029668
"631",-0.920851811938643,0.967963817589529,1.73084992780005,-0.84540368129413,-0.920851811938643,0.967963817589529,1.73084992780005,-0.84540368129413
"632",-0.73319009261739,0.971674577611916,0.905052589597053,-0.727363713169901,-0.73319009261739,0.971674577611916,0.905052589597053,-0.727363713169901
"633",-0.387353712127866,0.927307702570575,0.685536841467142,-0.727363713169901,-0.387353712127866,0.927307702570575,0.685536841467142,-0.727363713169901
"634",0.0201879239784512,0.859277651484514,0.685536841467142,-0.727363713169901,0.0201879239784512,0.859277651484514,0.685536841467142,-0.727363713169901
"635",0.351876185152177,0.796818752646277,0.685536841467142,-0.727363713169901,0.351876185152177,0.796818752646277,0.685536841467142,-0.727363713169901
"636",0.569516091581564,0.758439320084825,0.278603457020483,-0.727363713169901,0.569516091581564,0.758439320084825,0.278603457020483,-0.727363713169901
"637",0.711344628663388,0.74591556725484,0.23338863652641,-0.51387201674764,0.711344628663388,0.74591556725484,0.23338863652641,-0.51387201674764
"638",0.81378684888947,0.734254362863819,0.23338863652641,-0.252937721120432,0.81378684888947,0.734254362863819,0.23338863652641,-0.252937721120432
"639",0.879206364265069,0.666435274382921,0.281627509510541,-0.252937721120432,0.879206364265069,0.666435274382921,0.281627509510541,-0.252937721120432
"640",0.899159017154051,0.538071855255649,1.43936046112972,-0.252937721120432,0.899159017154051,0.538071855255649,1.43936046112972,-0.252937721120432
"641",0.877287217926455,0.3836730500467,1.43936046112972,-0.252937721120432,0.877287217926455,0.3836730500467,1.43936046112972,-0.252937721120432
"642",0.832697383753143,0.0896429806288424,1.43936046112972,-0.252937721120432,0.832697383753143,0.0896429806288424,1.43936046112972,-0.252937721120432
"643",0.785997868667645,-0.348645485543194,1.19165375316042,-0.0357933189654699,0.785997868667645,-0.348645485543194,1.19165375316042,-0.0357933189654699
"644",0.73294507353677,-0.753595410738907,0.912324912258875,0.149181542129497,0.73294507353677,-0.753595410738907,0.912324912258875,0.149181542129497
"645",0.648133641018137,-1.15339350475731,0.912324912258875,0.149181542129497,0.648133641018137,-1.15339350475731,0.912324912258875,0.149181542129497
"646",0.542258693332093,-1.55731872537851,0.970818908891877,0.149181542129497,0.542258693332093,-1.55731872537851,0.970818908891877,0.149181542129497
"647",0.467932182601125,-1.78704057140162,1.74795343558748,0.149181542129497,0.467932182601125,-1.78704057140162,1.74795343558748,0.149181542129497
"648",0.447963659018826,-2.09698847997167,1.74795343558748,0.149181542129497,0.447963659018826,-2.09698847997167,1.74795343558748,0.149181542129497
"649",0.429029835637785,-2.36776143189049,1.74795343558748,0.61021021484542,0.429029835637785,-2.36776143189049,1.74795343558748,0.61021021484542
"650",0.387761806578752,-2.58989964190677,1.63461270982627,0.629419742875251,0.387761806578752,-2.58989964190677,1.63461270982627,0.629419742875251
"651",0.315363240070736,-2.94150429526789,1.56514581339199,0.629419742875251,0.315363240070736,-2.94150429526789,1.56514581339199,0.629419742875251
"652",0.216938720359381,-3.18303009708197,1.56514581339199,0.629419742875251,0.216938720359381,-3.18303009708197,1.56514581339199,0.629419742875251
"653",0.117210129929215,-3.02050679507545,1.56514581339199,0.629419742875251,0.117210129929215,-3.02050679507545,1.56514581339199,0.629419742875251
"654",0.0139335770050029,-0.169156640234872,1.16520170283263,0.826002190917972,0.0139335770050029,-0.169156640234872,1.16520170283263,0.826002190917972
"655",-0.0866553947612382,-0.169156640234872,1.14853736489266,0.946488207460286,-0.0866553947612382,-0.169156640234872,1.14853736489266,0.946488207460286
"656",-0.164644240482657,-0.169156640234872,1.14853736489266,0.946488207460286,-0.164644240482657,-0.169156640234872,1.14853736489266,0.946488207460286
"657",-0.215459699124664,-0.169156640234872,1.14853736489266,0.946488207460286,-0.215459699124664,-0.169156640234872,1.14853736489266,0.946488207460286
"658",-0.28505122300599,-0.169156640234872,0.812226553603142,0.946488207460286,-0.28505122300599,-0.169156640234872,0.812226553603142,0.946488207460286
"659",-0.38869124930867,-0.169156640234872,0.328267093454811,1.05537262755215,-0.38869124930867,-0.169156640234872,0.328267093454811,1.05537262755215
"660",-0.513173032341162,-0.169156640234872,0.328267093454811,1.19395279857816,-0.513173032341162,-0.169156640234872,0.328267093454811,1.19395279857816
"661",-0.6361366628026,-0.169156640234872,0.739976132673284,1.19395279857816,-0.6361366628026,-0.169156640234872,0.739976132673284,1.19395279857816
"662",-0.756054068938607,-0.169156640234872,1.74795343558748,1.19395279857816,-0.756054068938607,-0.169156640234872,1.74795343558748,1.19395279857816
"663",-0.859140863573159,-0.169156640234872,1.74795343558748,1.19395279857816,-0.859140863573159,-0.169156640234872,1.74795343558748,1.19395279857816
"664",-0.928785519775589,-1.51302613590083,1.74795343558748,1.28327111341956,-0.928785519775589,-1.51302613590083,1.74795343558748,1.28327111341956
"665",-0.947960336184499,-2.65596641362665,1.57023434494819,1.40661545296246,-0.947960336184499,-2.65596641362665,1.57023434494819,1.40661545296246
"666",-0.921457485897733,-1.9745455325647,1.47026735646358,1.40661545296246,-0.921457485897733,-1.9745455325647,1.47026735646358,1.40661545296246
"667",-0.888427381715479,-1.65187000465736,1.47026735646358,1.40661545296246,-0.888427381715479,-1.65187000465736,1.47026735646358,1.40661545296246
"668",-0.908196227824795,-1.48749629180678,1.47026735646358,1.40661545296246,-0.908196227824795,-1.48749629180678,1.47026735646358,1.40661545296246
"669",-0.981422571744571,-1.34631548892253,1.13165693254075,1.40661545296246,-0.981422571744571,-1.34631548892253,1.13165693254075,1.40661545296246
"670",-1.0951199599068,-1.24074714063963,1.12118444520293,1.40661545296246,-1.0951199599068,-1.24074714063963,1.12118444520293,1.40661545296246
"671",-1.23107133774277,-1.18150743511946,1.12118444520293,1.40661545296246,-1.23107133774277,-1.18150743511946,1.12118444520293,1.40661545296246
"672",-1.35821689589325,-1.2605867777587,1.10535656081635,1.40661545296246,-1.35821689589325,-1.2605867777587,1.10535656081635,1.40661545296246
"673",-1.46888177407917,-1.20700088533405,0.962905601337093,1.40661545296246,-1.46888177407917,-1.20700088533405,0.962905601337093,1.40661545296246
"674",-1.59027368837961,-0.918637545259653,0.962905601337093,1.60897730459716,-1.59027368837961,-0.918637545259653,0.962905601337093,1.60897730459716
"675",-1.73438475892475,-0.499476103684616,0.962905601337093,1.86652875213225,-1.73438475892475,-0.499476103684616,0.962905601337093,1.86652875213225
"676",-1.8673632281381,-0.143911090466292,1.05830446184196,1.86652875213225,-1.8673632281381,-0.143911090466292,1.05830446184196,1.86652875213225
"677",-1.9249700497133,-0.0672388412816642,1.2610270404148,1.86652875213225,-1.9249700497133,-0.0672388412816642,1.2610270404148,1.86652875213225
"678",-1.80647160431511,-0.335562704422537,1.2610270404148,1.86652875213225,-1.80647160431511,-0.335562704422537,1.2610270404148,1.86652875213225
"679",-1.40419946965891,-0.735601652597863,1.29511188807688,1.65076031015626,-1.40419946965891,-0.735601652597863,1.29511188807688,1.65076031015626
"680",-0.744374791225063,-1.08939193130693,1.74795343558748,1.47422249399408,-0.744374791225063,-1.08939193130693,1.74795343558748,1.47422249399408
"681",-0.0255106161290866,-1.25930248696424,1.74795343558748,1.47422249399408,-0.0255106161290866,-1.25930248696424,1.74795343558748,1.47422249399408
"682",0.534177750313124,-1.2809843127048,1.74795343558748,1.47422249399408,0.534177750313124,-1.2809843127048,1.74795343558748,1.47422249399408
"683",0.900464381679381,-1.31652964018754,1.74795343558748,1.47422249399408,0.900464381679381,-1.31652964018754,1.74795343558748,1.47422249399408
"684",1.12002343444738,-1.73333598029335,1.0120767582893,1.75449218941,1.12002343444738,-1.73333598029335,1.0120767582893,1.75449218941
"685",1.22699803142201,-2.36711136857635,0.850542853516535,1.84791542121531,1.22699803142201,-2.36711136857635,0.850542853516535,1.84791542121531
"686",1.26081960017968,-2.9495161527752,0.850542853516535,1.84791542121531,1.26081960017968,-2.9495161527752,0.850542853516535,1.84791542121531
"687",1.25873493286023,-3.27007014608387,0.850542853516535,1.84791542121531,1.25873493286023,-3.27007014608387,0.850542853516535,1.84791542121531
"688",1.22993057328118,-3.21821792711264,0.56642344383824,1.84791542121531,1.22993057328118,-3.21821792711264,0.56642344383824,1.84791542121531
"689",1.17702199445045,-3.02464826201536,0.499778150209998,1.78161345281119,1.17702199445045,-3.02464826201536,0.499778150209998,1.78161345281119
"690",1.12007811933631,-2.61919939127075,0.499778150209998,1.77424656743296,1.12007811933631,-2.61919939127075,0.499778150209998,1.77424656743296
"691",1.07574100870332,-2.06214576834895,1.22371981572894,1.77424656743296,1.07574100870332,-2.06214576834895,1.22371981572894,1.77424656743296
"692",1.03962948865828,-1.51882195349262,1.74795343558748,1.77424656743296,1.03962948865828,-1.51882195349262,1.74795343558748,1.77424656743296
"693",1.00450436670441,-1.00178291340834,1.74795343558748,1.77424656743296,1.00450436670441,-1.00178291340834,1.74795343558748,1.77424656743296
"694",0.962940659728574,-0.457650863753134,1.73222709336215,1.55305102015896,0.962940659728574,-0.457650863753134,1.73222709336215,1.55305102015896
"695",0.9235460625111,0.11677466887354,1.48584773183209,1.52571224465319,0.9235460625111,0.11677466887354,1.48584773183209,1.52571224465319
"696",0.896228804146618,0.604204520861045,1.48584773183209,1.52571224465319,0.896228804146618,0.604204520861045,1.48584773183209,1.52571224465319
"697",0.870791274148761,0.872849144300172,1.48584773183209,1.52571224465319,0.870791274148761,0.872849144300172,1.48584773183209,1.52571224465319
"698",0.843986794435202,0.941711751989168,1.48584773183209,1.52571224465319,0.843986794435202,0.941711751989168,1.48584773183209,1.52571224465319
"699",0.855039352270258,0.858144306325865,1.24764124500654,1.30909158311989,0.855039352270258,0.858144306325865,1.24764124500654,1.30909158311989
"700",0.933920406968155,0.707241064994471,1.2324365756347,1.25827932917998,0.933920406968155,0.707241064994471,1.2324365756347,1.25827932917998
"701",1.06004196038462,0.610161989573637,1.24290144731042,1.25827932917998,1.06004196038462,0.610161989573637,1.24290144731042,1.25827932917998
"702",1.21841983543036,0.581090164104624,1.58126563149219,1.25827932917998,1.21841983543036,0.581090164104624,1.58126563149219,1.25827932917998
"703",1.38620230381922,0.586584338915449,1.58126563149219,1.25827932917998,1.38620230381922,0.586584338915449,1.58126563149219,1.25827932917998
"704",1.53224494124557,0.604927265513967,1.58126563149219,1.23178421537822,1.53224494124557,0.604927265513967,1.58126563149219,1.23178421537822
"705",1.62967547253418,0.620702684931172,1.58126563149219,0.375108869121262,1.62967547253418,0.620702684931172,1.58126563149219,0.375108869121262
"706",1.67838789180414,0.626105595822994,1.58126563149219,0.375108869121262,1.67838789180414,0.626105595822994,1.58126563149219,0.375108869121262
"707",1.68954542047488,0.61487923221757,0.960151270212884,0.375108869121262,1.68954542047488,0.61487923221757,0.960151270212884,0.375108869121262
"708",1.66940154298218,0.557559558485504,0.850542853516535,0.375108869121262,1.66940154298218,0.557559558485504,0.850542853516535,0.375108869121262
"709",1.63469268171281,0.497837798972529,0.850542853516535,0.375108869121262,1.63469268171281,0.497837798972529,0.850542853516535,0.375108869121262
"710",1.5925054462479,0.451450895289595,0.850542853516535,0.375108869121262,1.5925054462479,0.451450895289595,0.850542853516535,0.375108869121262
"711",1.55392724094481,0.350133337924764,-0.0670762052416473,0.375108869121262,1.55392724094481,0.350133337924764,-0.0670762052416473,0.375108869121262
"712",1.52724386152157,0.243503054508171,-0.229008980316621,0.375108869121262,1.52724386152157,0.243503054508171,-0.229008980316621,0.375108869121262
"713",1.5101737233063,0.140857141623081,-0.229008980316621,-1.68213024362745,1.5101737233063,0.140857141623081,-0.229008980316621,-1.68213024362745
"714",1.49289002076139,0.132215214125748,-0.229008980316621,-1.7904059864037,1.49289002076139,0.132215214125748,-0.229008980316621,-1.7904059864037
"715",1.46656002302575,0.12009795173461,-0.229008980316621,-1.7904059864037,1.46656002302575,0.12009795173461,-0.229008980316621,-1.7904059864037
"716",1.44131639149842,0.121100000322685,-0.272631492794417,-1.02256468496595,1.44131639149842,0.121100000322685,-0.272631492794417,-1.02256468496595
"717",1.42082974153158,0.182272985543846,-0.410769448974106,0.129197267190673,1.42082974153158,0.182272985543846,-0.410769448974106,0.129197267190673
"718",1.40588929510268,0.26698806320282,-0.410769448974106,0.129197267190673,1.40588929510268,0.26698806320282,-0.410769448974106,0.129197267190673
"719",1.39650298755838,0.315275351028702,-0.410769448974106,0.129197267190673,1.39650298755838,0.315275351028702,-0.410769448974106,0.129197267190673
"720",1.38839521961756,0.355249713651121,-0.410769448974106,0.129197267190673,1.38839521961756,0.355249713651121,-0.410769448974106,0.129197267190673
"721",1.38535434302575,0.373300602248704,-0.410769448974106,1.58470023288266,1.38535434302575,0.373300602248704,-0.410769448974106,1.58470023288266
"722",1.39477592836117,0.37273163335202,-0.59954584633623,2.09609316677445,1.39477592836117,0.37273163335202,-0.59954584633623,2.09609316677445
"723",1.41321724272677,0.373215210200827,-0.640984567708404,2.09609316677445,1.41321724272677,0.373215210200827,-0.640984567708404,2.09609316677445
"724",1.43368077668378,0.353470821651564,-0.640984567708404,2.09609316677445,1.43368077668378,0.353470821651564,-0.640984567708404,2.09609316677445
"725",1.44350482210082,0.285139899401859,-0.640984567708404,2.09609316677445,1.44350482210082,0.285139899401859,-0.640984567708404,2.09609316677445
"726",1.43355734754173,0.205685308228377,0.521698564272252,2.09609316677445,1.43355734754173,0.205685308228377,0.521698564272252,2.09609316677445
"727",1.41119804201724,0.138184062216274,0.743162017982853,2.09609316677445,1.41119804201724,0.138184062216274,0.743162017982853,2.09609316677445
"728",1.3828965419058,0.0475843606802973,0.743162017982853,2.09609316677445,1.3828965419058,0.0475843606802973,0.743162017982853,2.09609316677445
"729",1.35424649031775,-0.0669180605416376,1.10013285125797,2.09609316677445,1.35424649031775,-0.0669180605416376,1.10013285125797,2.09609316677445
"730",1.33048849369093,-0.19607839114591,1.61382258694656,-1.0708537653338,1.33048849369093,-0.19607839114591,1.61382258694656,-1.0708537653338
"731",1.31177987889821,-0.319430988086968,1.61382258694656,-2.36439546999774,1.31177987889821,-0.319430988086968,1.61382258694656,-2.36439546999774
"732",1.29418963046173,-0.41949832272108,1.61382258694656,-2.36439546999774,1.29418963046173,-0.41949832272108,1.61382258694656,-2.36439546999774
"733",1.28461330586647,-0.493267522558147,1.61382258694656,-2.36439546999774,1.28461330586647,-0.493267522558147,1.61382258694656,-2.36439546999774
"734",1.27979413533923,-0.548783891881346,1.61382258694656,-2.36439546999774,1.27979413533923,-0.548783891881346,1.61382258694656,-2.36439546999774
"735",1.27632613008815,-0.593300569575661,1.61382258694656,-2.36439546999774,1.27632613008815,-0.593300569575661,1.61382258694656,-2.36439546999774
"736",1.27042982250578,-0.621596682096846,1.61382258694656,-2.36439546999774,1.27042982250578,-0.621596682096846,1.61382258694656,-2.36439546999774
"737",1.25720332470136,-0.63097308397534,1.61382258694656,-2.05339566444606,1.25720332470136,-0.63097308397534,1.61382258694656,-2.05339566444606
"738",1.20499780033382,-0.61815848433546,1.61382258694656,-1.29198234740576,1.20499780033382,-0.61815848433546,1.61382258694656,-1.29198234740576
"739",1.090405270567,-0.58029636035026,1.61382258694656,-1.29198234740576,1.090405270567,-0.58029636035026,1.61382258694656,-1.29198234740576
"740",0.89120150327713,-0.519284489556412,1.61382258694656,-1.29198234740576,0.89120150327713,-0.519284489556412,1.61382258694656,-1.29198234740576
"741",0.597678464365181,-0.456055648740586,1.61382258694656,-1.29198234740576,0.597678464365181,-0.456055648740586,1.61382258694656,-1.29198234740576
"742",0.281644485804551,-0.414205136873709,1.61382258694656,-1.29198234740576,0.281644485804551,-0.414205136873709,1.61382258694656,-1.29198234740576
"743",0.000722346117520442,-0.39235229347053,1.61382258694656,-1.29198234740576,0.000722346117520442,-0.39235229347053,1.61382258694656,-1.29198234740576
"744",-0.197542376399829,-0.382930486192399,1.61382258694656,-1.29198234740576,-0.197542376399829,-0.382930486192399,1.61382258694656,-1.29198234740576
"745",-0.300015992997472,-0.363666731549374,1.61382258694656,-1.34672714888112,-0.300015992997472,-0.363666731549374,1.61382258694656,-1.34672714888112
"746",-0.339391010609604,-0.337162403919,0.295584969216233,-1.36127956446318,-0.339391010609604,-0.337162403919,0.295584969216233,-1.36127956446318
"747",-0.358330785500638,-0.319472376136431,-0.0548326253703088,-1.36127956446318,-0.358330785500638,-0.319472376136431,-0.0548326253703088,-1.36127956446318
"748",-0.382323564884033,-0.326946796274585,-0.0548326253703088,-1.36127956446318,-0.382323564884033,-0.326946796274585,-0.0548326253703088,-1.36127956446318
"749",-0.429967472475665,-0.346313273627282,-0.0548326253703088,-1.36127956446318,-0.429967472475665,-0.346313273627282,-0.0548326253703088,-1.36127956446318
"750",-0.52508959417055,-0.349593393330673,0.426314869016463,-1.36127956446318,-0.52508959417055,-0.349593393330673,0.426314869016463,-1.36127956446318
"751",-0.617818605071508,-0.358738564007314,0.696960334609023,-1.36127956446318,-0.617818605071508,-0.358738564007314,0.696960334609023,-1.36127956446318
"752",-0.687420651912533,-0.380136372433268,0.696960334609023,-1.37745133983501,-0.687420651912533,-0.380136372433268,0.696960334609023,-1.37745133983501
"753",-0.746362078040419,-0.38976142960216,0.799200598228859,-1.45112276097335,-0.746362078040419,-0.38976142960216,0.799200598228859,-1.45112276097335
"754",-0.795635060548789,-0.386257926543766,1.37856209207459,-1.45112276097335,-0.795635060548789,-0.386257926543766,1.37856209207459,-1.45112276097335
"755",-0.826482944399944,-0.397576857371331,1.37856209207459,-1.45112276097335,-0.826482944399944,-0.397576857371331,1.37856209207459,-1.45112276097335
"756",-0.833070834694356,-0.50722136796587,1.37856209207459,-1.45112276097335,-0.833070834694356,-0.50722136796587,1.37856209207459,-1.45112276097335
"757",-0.813355207159913,-0.667410590190249,1.29239468330538,-1.45112276097335,-0.813355207159913,-0.667410590190249,1.29239468330538,-1.45112276097335
"758",-0.799001717622441,-0.778315053911335,0.899854265578989,-1.45112276097335,-0.799001717622441,-0.778315053911335,0.899854265578989,-1.45112276097335
"759",-0.802092276384638,-0.783977555694435,0.899854265578989,-1.45112276097335,-0.802092276384638,-0.783977555694435,0.899854265578989,-1.45112276097335
"760",-0.804215930407245,-0.724979498458552,0.899854265578989,-1.12201482311093,-0.804215930407245,-0.724979498458552,0.899854265578989,-1.12201482311093
"761",-0.776983286989198,-0.648393295309039,0.899854265578989,-1.11529833458313,-0.776983286989198,-0.648393295309039,0.899854265578989,-1.11529833458313
"762",-0.735272086070039,-0.588845515086606,0.899854265578989,-1.11529833458313,-0.735272086070039,-0.588845515086606,0.899854265578989,-1.11529833458313
"763",-0.705251634615572,-0.59006146421474,-0.136191194623313,-1.11529833458313,-0.705251634615572,-0.59006146421474,-0.136191194623313,-1.11529833458313
"764",-0.7004112456614,-0.62524354850039,-0.363615807838453,-1.11529833458313,-0.7004112456614,-0.62524354850039,-0.363615807838453,-1.11529833458313
"765",-0.737454478908674,-0.633420537785187,-0.363615807838453,-1.11529833458313,-0.737454478908674,-0.633420537785187,-0.363615807838453,-1.11529833458313
"766",-0.800212893033085,-0.572916114374316,-0.363615807838453,-1.1041342583824,-0.800212893033085,-0.572916114374316,-0.363615807838453,-1.1041342583824
"767",-0.884696992502054,-0.476725148950761,0.133206505587637,-0.892016810568446,-0.884696992502054,-0.476725148950761,0.133206505587637,-0.892016810568446
"768",-0.962193846730644,-0.377092855969754,0.437710504139111,-0.892016810568446,-0.962193846730644,-0.377092855969754,0.437710504139111,-0.892016810568446
"769",-0.997103075503147,-0.253386685500042,0.437710504139111,-0.892016810568446,-0.997103075503147,-0.253386685500042,0.437710504139111,-0.892016810568446
"770",-0.904987070131561,-0.0447847500402908,0.437710504139111,-0.892016810568446,-0.904987070131561,-0.0447847500402908,0.437710504139111,-0.892016810568446
"771",-0.57701565632968,0.178632098452188,0.807488977141801,-0.892016810568446,-0.57701565632968,0.178632098452188,0.807488977141801,-0.892016810568446
"772",-0.0918513217472203,0.336368307975202,1.05400795914359,-0.892016810568446,-0.0918513217472203,0.336368307975202,1.05400795914359,-0.892016810568446
"773",0.386887365878488,0.409115279046578,1.05400795914359,-0.815712423232965,0.386887365878488,0.409115279046578,1.05400795914359,-0.815712423232965
"774",0.749796299688785,0.392916622445907,1.05400795914359,-0.680060179081001,0.749796299688785,0.392916622445907,1.05400795914359,-0.680060179081001
"775",0.978226379990887,0.262989538518962,0.776307283334021,-0.680060179081001,0.978226379990887,0.262989538518962,0.776307283334021,-0.680060179081001
"776",1.09126073543829,0.0606924604497232,0.662880246735745,-0.680060179081001,1.09126073543829,0.0606924604497232,0.662880246735745,-0.680060179081001
"777",1.10960199543298,-0.147366385322603,0.662880246735745,-0.680060179081001,1.10960199543298,-0.147366385322603,0.662880246735745,-0.680060179081001
"778",1.06749661479394,-0.337685546995679,0.761322198885904,-0.680060179081001,1.06749661479394,-0.337685546995679,0.761322198885904,-0.680060179081001
"779",1.01537268649095,-0.446441569214609,1.31915992773681,-0.680060179081001,1.01537268649095,-0.446441569214609,1.31915992773681,-0.680060179081001
"780",0.983590588078291,-0.455936109216233,1.31915992773681,-0.673757748021793,0.983590588078291,-0.455936109216233,1.31915992773681,-0.673757748021793
"781",0.962433056303732,-0.411184042829768,1.31915992773681,-0.670511041112504,0.962433056303732,-0.411184042829768,1.31915992773681,-0.670511041112504
"782",0.916746850485021,-0.363115093314486,1.31915992773681,-0.670511041112504,0.916746850485021,-0.363115093314486,1.31915992773681,-0.670511041112504
"783",0.81564492756032,-0.361539591345813,1.31915992773681,-0.670511041112504,0.81564492756032,-0.361539591345813,1.31915992773681,-0.670511041112504
"784",0.67114735388065,-0.4308997960807,-0.0831801573791605,-0.670511041112504,0.67114735388065,-0.4308997960807,-0.0831801573791605,-0.670511041112504
"785",0.527534657607175,-0.567183822810294,-0.370406439872793,-0.670511041112504,0.527534657607175,-0.567183822810294,-0.370406439872793,-0.670511041112504
"786",0.422217168023894,-0.710206674175899,-0.370406439872793,-0.670511041112504,0.422217168023894,-0.710206674175899,-0.370406439872793,-0.670511041112504
"787",0.354621211319655,-0.828801747530528,-0.370406439872793,-0.75949046496342,0.354621211319655,-0.828801747530528,-0.370406439872793,-0.75949046496342
"788",0.297746252966174,-0.904810993796385,-0.370406439872793,-0.773975487450779,0.297746252966174,-0.904810993796385,-0.370406439872793,-0.773975487450779
"789",0.260873370910754,-0.938600085266018,-0.402672730890544,-0.773975487450779,0.260873370910754,-0.938600085266018,-0.402672730890544,-0.773975487450779
"790",0.247981365218742,-0.950748739044559,-0.443738919458591,-0.773975487450779,0.247981365218742,-0.950748739044559,-0.443738919458591,-0.773975487450779
"791",0.25185769580767,-0.957949558950539,-0.443738919458591,-0.773975487450779,0.25185769580767,-0.957949558950539,-0.443738919458591,-0.773975487450779
"792",0.268964923143191,-0.961594042972003,-0.443738919458591,-0.773975487450779,0.268964923143191,-0.961594042972003,-0.443738919458591,-0.773975487450779
"793",0.308348566132125,-0.947632209577308,-0.443738919458591,-0.761315213232277,0.308348566132125,-0.947632209577308,-0.443738919458591,-0.761315213232277
"794",0.345755359011635,-0.908631400384755,-0.443738919458591,-0.689573659327434,0.345755359011635,-0.908631400384755,-0.443738919458591,-0.689573659327434
"795",0.338891284151999,-0.863923851843819,-0.572500726322827,-0.689573659327434,0.338891284151999,-0.863923851843819,-0.572500726322827,-0.689573659327434
"796",0.326571313449546,-0.851210807079258,-0.658341930898985,-0.689573659327434,0.326571313449546,-0.851210807079258,-0.658341930898985,-0.689573659327434
"797",0.314394610255787,-0.903599015305051,-0.658341930898985,-0.689573659327434,0.314394610255787,-0.903599015305051,-0.658341930898985,-0.689573659327434
"798",0.268172596030089,-0.989185110537717,0.0968966153169141,-0.689573659327434,0.268172596030089,-0.989185110537717,0.0968966153169141,-0.689573659327434
"799",0.134303815423155,-1.05988239217981,1.63025972430071,-0.689573659327434,0.134303815423155,-1.05988239217981,1.63025972430071,-0.689573659327434
"800",-0.0699852152683135,-1.09307397288118,1.63025972430071,-0.701210913499946,-0.0699852152683135,-1.09307397288118,1.63025972430071,-0.701210913499946
"801",-0.275946102745461,-1.09225751652845,1.63025972430071,-0.717957206089658,-0.275946102745461,-1.09225751652845,1.63025972430071,-0.717957206089658
"802",-0.437727292716268,-1.06864259794039,1.66007504140102,-0.717957206089658,-0.437727292716268,-1.06864259794039,1.66007504140102,-0.717957206089658
"803",-0.542296703369446,-1.0276400272404,1.66338785441216,-0.717957206089658,-0.542296703369446,-1.0276400272404,1.66338785441216,-0.717957206089658
"804",-0.603862314135804,-0.996970314753837,1.66338785441216,-0.717957206089658,-0.603862314135804,-0.996970314753837,1.66338785441216,-0.717957206089658
"805",-0.640161263618767,-0.966586768397086,1.66338785441216,-0.717957206089658,-0.640161263618767,-0.966586768397086,1.66338785441216,-0.717957206089658
"806",-0.636196522917611,-0.927788087974316,1.66338785441216,-0.717957206089658,-0.636196522917611,-0.927788087974316,1.66338785441216,-0.717957206089658
"807",-0.577597610502562,-0.886028900753828,0.716438659692945,-0.691050316913511,-0.577597610502562,-0.886028900753828,0.716438659692945,-0.691050316913511
"808",-0.479514310697523,-0.847007817956911,0.417402071886878,-0.680060179081001,-0.479514310697523,-0.847007817956911,0.417402071886878,-0.680060179081001
"809",-0.405637613366819,-0.819540867826213,0.417402071886878,-0.680060179081001,-0.405637613366819,-0.819540867826213,0.417402071886878,-0.680060179081001
"810",-0.381573415863497,-0.83258104634968,0.95645608750074,-0.680060179081001,-0.381573415863497,-0.83258104634968,0.95645608750074,-0.680060179081001
"811",-0.431107574781455,-0.874398905568052,1.24671594206205,-0.680060179081001,-0.431107574781455,-0.874398905568052,1.24671594206205,-0.680060179081001
"812",-0.549182427924856,-0.914225280221284,1.24671594206205,-0.680060179081001,-0.549182427924856,-0.914225280221284,1.24671594206205,-0.680060179081001
"813",-0.692692913483219,-0.941080518717987,1.44219856453697,-0.680060179081001,-0.692692913483219,-0.941080518717987,1.44219856453697,-0.680060179081001
"814",-0.788509464264493,-0.952281124568927,1.74795343558748,-0.766462262781197,-0.788509464264493,-0.952281124568927,1.74795343558748,-0.766462262781197
"815",-0.74305864497873,-0.942401853218117,1.74795343558748,-0.773975487450779,-0.74305864497873,-0.942401853218117,1.74795343558748,-0.773975487450779
"816",-0.57543919621144,-0.913082063816643,1.74795343558748,-0.773975487450779,-0.57543919621144,-0.913082063816643,1.74795343558748,-0.773975487450779
"817",-0.332984511989355,-0.831059685181602,1.4063243536019,-0.773975487450779,-0.332984511989355,-0.831059685181602,1.4063243536019,-0.773975487450779
"818",-0.0422284077019628,-0.60894912948279,0.743162017982853,-0.773975487450779,-0.0422284077019628,-0.60894912948279,0.743162017982853,-0.773975487450779
"819",0.262705314689892,-0.286250805448884,0.743162017982853,-0.773975487450779,0.262705314689892,-0.286250805448884,0.743162017982853,-0.773975487450779
"820",0.552703507117626,0.0642750492504892,0.798857893434602,-0.61690464807173,0.552703507117626,0.0642750492504892,0.798857893434602,-0.61690464807173
"821",0.80573264453859,0.383952512807324,1.43936046112972,-0.432517140974587,0.80573264453859,0.383952512807324,1.43936046112972,-0.432517140974587
"822",1.01377492169201,0.653647843241424,1.43936046112972,-0.432517140974587,1.01377492169201,0.653647843241424,1.43936046112972,-0.432517140974587
"823",1.17692771908199,0.868227428572364,1.43936046112972,-0.432517140974587,1.17692771908199,0.868227428572364,1.43936046112972,-0.432517140974587
"824",1.30256538885982,1.02361981225368,1.43936046112972,-0.432517140974587,1.30256538885982,1.02361981225368,1.43936046112972,-0.432517140974587
"825",1.3972944521338,1.12863081392738,1.42560943126018,-0.432517140974587,1.3972944521338,1.12863081392738,1.42560943126018,-0.432517140974587
"826",1.44268756764876,1.19383252402877,1.40880261697518,-0.368420602680071,1.44268756764876,1.19383252402877,1.40880261697518,-0.368420602680071
"827",1.42076177356237,1.23107719063495,1.48680730525601,-0.176130987796527,1.42076177356237,1.23107719063495,1.48680730525601,-0.176130987796527
"828",1.33198827420939,1.24604016170693,1.74795343558748,-0.176130987796527,1.33198827420939,1.24604016170693,1.74795343558748,-0.176130987796527
"829",1.19084700715121,1.24255315781227,1.74795343558748,-0.176130987796527,1.19084700715121,1.24255315781227,1.74795343558748,-0.176130987796527
"830",1.01802343728998,1.21210133518792,1.74795343558748,-0.176130987796527,1.01802343728998,1.21210133518792,1.74795343558748,-0.176130987796527
"831",0.824439361748414,1.14019940905423,1.74795343558748,-0.176130987796527,0.824439361748414,1.14019940905423,1.74795343558748,-0.176130987796527
"832",0.617775506061841,1.02611884697122,0.964863778453164,-0.175464331024835,0.617775506061841,1.02611884697122,0.964863778453164,-0.175464331024835
"833",0.412486104168789,0.873453591471961,0.887415350824496,-0.165020041601666,0.412486104168789,0.873453591471961,0.887415350824496,-0.165020041601666
"834",0.206156913102163,0.695758020740976,0.887415350824496,-0.165020041601666,0.206156913102163,0.695758020740976,0.887415350824496,-0.165020041601666
"835",-0.0268430643375773,0.520417507148227,0.887415350824496,-0.165020041601666,-0.0268430643375773,0.520417507148227,0.887415350824496,-0.165020041601666
"836",-0.304866904911344,0.370646114764793,0.887415350824496,-0.165020041601666,-0.304866904911344,0.370646114764793,0.887415350824496,-0.165020041601666
"837",-0.593951669935666,0.262402117839504,0.602010798167739,-0.165020041601666,-0.593951669935666,0.262402117839504,0.602010798167739,-0.165020041601666
"838",-0.862007248792252,0.189928326579934,-0.698165497268598,-0.165020041601666,-0.862007248792252,0.189928326579934,-0.698165497268598,-0.165020041601666
"839",-1.11018228290993,0.136691336346527,-0.698165497268598,-0.174353236405349,-1.11018228290993,0.136691336346527,-0.698165497268598,-0.174353236405349
"840",-1.35156767916977,0.0864143390637224,-0.698165497268598,-0.176130987796527,-1.35156767916977,0.0864143390637224,-0.698165497268598,-0.176130987796527
"841",-1.61912876517426,0.0177938873212716,-0.698165497268598,-0.176130987796527,-1.61912876517426,0.0177938873212716,-0.698165497268598,-0.176130987796527
"842",-1.8843466813165,-0.0914808869171717,-0.698165497268598,-0.176130987796527,-1.8843466813165,-0.0914808869171717,-0.698165497268598,-0.176130987796527
"843",-2.09687562072142,-0.230785774123835,-0.698165497268598,-0.176130987796527,-2.09687562072142,-0.230785774123835,-0.698165497268598,-0.176130987796527
"844",-2.25648951226299,-0.367994632234096,-0.964377724685009,-0.176130987796527,-2.25648951226299,-0.367994632234096,-0.964377724685009,-0.176130987796527
"845",-2.38304104071308,-0.471922546958314,-1.02682256815306,-0.229286809861311,-2.38304104071308,-0.471922546958314,-1.02682256815306,-0.229286809861311
"846",-2.46558865683606,-0.528583580800751,-1.02682256815306,-0.274567695323904,-2.46558865683606,-0.528583580800751,-1.02682256815306,-0.274567695323904
"847",-2.46878185758221,-0.542157693190317,-1.02682256815306,-0.274567695323904,-2.46878185758221,-0.542157693190317,-1.02682256815306,-0.274567695323904
"848",-2.3520016734969,-0.533084040689442,-1.02682256815306,-0.274567695323904,-2.3520016734969,-0.533084040689442,-1.02682256815306,-0.274567695323904
"849",-2.06082861849486,-0.512813799687801,-1.02682256815306,-0.274567695323904,-2.06082861849486,-0.512813799687801,-1.02682256815306,-0.274567695323904
"850",-1.63493304308995,-0.47460959366398,-1.02682256815306,-0.274567695323904,-1.63493304308995,-0.47460959366398,-1.02682256815306,-0.274567695323904
"851",-1.12760468151382,-0.424430601040062,-1.16283258141582,-0.254976629667999,-1.12760468151382,-0.424430601040062,-1.16283258141582,-0.254976629667999
"852",-0.607025843585752,-0.378642665582665,-1.25350592359099,-0.209264143137553,-0.607025843585752,-0.378642665582665,-1.25350592359099,-0.209264143137553
"853",-0.133091663346716,-0.347312379272788,-1.25350592359099,-0.209264143137553,-0.133091663346716,-0.347312379272788,-1.25350592359099,-0.209264143137553
"854",0.254321707198915,-0.33637285446976,-1.25350592359099,-0.209264143137553,0.254321707198915,-0.33637285446976,-1.25350592359099,-0.209264143137553
"855",0.544199058097642,-0.355308774653268,0.110139299741639,-0.209264143137553,0.544199058097642,-0.355308774653268,0.110139299741639,-0.209264143137553
"856",0.756613970021221,-0.391110558559887,0.640445775482105,-0.209264143137553,0.756613970021221,-0.391110558559887,0.640445775482105,-0.209264143137553
"857",0.903185946821956,-0.426227057268284,0.640445775482105,-0.210576347309475,0.903185946821956,-0.426227057268284,0.640445775482105,-0.210576347309475
"858",0.97903440528977,-0.452524444651343,1.21092931124108,-0.2420692474356,0.97903440528977,-0.452524444651343,1.21092931124108,-0.2420692474356
"859",0.981945556214469,-0.467293485150692,1.69689676762835,-0.2420692474356,0.981945556214469,-0.467293485150692,1.69689676762835,-0.2420692474356
"860",0.91042746817048,-0.47406463544159,1.69689676762835,-0.2420692474356,0.91042746817048,-0.47406463544159,1.69689676762835,-0.2420692474356
"861",0.758441169843118,-0.48588143741044,1.69689676762835,-0.2420692474356,0.758441169843118,-0.48588143741044,1.69689676762835,-0.2420692474356
"862",0.53283279530827,-0.502125919831115,1.55781383471042,-0.2420692474356,0.53283279530827,-0.502125919831115,1.55781383471042,-0.2420692474356
"863",0.238993808844036,-0.516418951048264,1.27543333454372,-0.2420692474356,0.238993808844036,-0.516418951048264,1.27543333454372,-0.2420692474356
"864",-0.113628155576218,-0.526092590126232,1.27543333454372,-0.348357714045828,-0.113628155576218,-0.526092590126232,1.27543333454372,-0.348357714045828
"865",-0.49614239835165,-0.52838191916471,1.27543333454372,-0.422219190842766,-0.49614239835165,-0.52838191916471,1.27543333454372,-0.422219190842766
"866",-0.849796647867658,-0.523992823959901,1.26274373757862,-0.422219190842766,-0.849796647867658,-0.523992823959901,1.26274373757862,-0.422219190842766
"867",-1.1312771944489,-0.526369039874227,1.14853736489266,-0.422219190842766,-1.1312771944489,-0.526369039874227,1.14853736489266,-0.422219190842766
"868",-1.26065767398275,-0.536944387212678,1.14853736489266,-0.422219190842766,-1.26065767398275,-0.536944387212678,1.14853736489266,-0.422219190842766
"869",-1.15436724189612,-0.547753067854818,1.14853736489266,-0.422219190842766,-1.15436724189612,-0.547753067854818,1.14853736489266,-0.422219190842766
"870",-0.841676459384236,-0.554617458040444,1.04511667364816,-0.422219190842766,-0.841676459384236,-0.554617458040444,1.04511667364816,-0.422219190842766
"871",-0.405471574863366,-0.555929823572744,1.04080747817964,-0.58968054780011,-0.405471574863366,-0.555929823572744,1.04080747817964,-0.58968054780011
"872",0.04416785155041,-0.551774902512359,1.04080747817964,-0.593098126513526,0.04416785155041,-0.551774902512359,1.04080747817964,-0.593098126513526
"873",0.427284576895515,-0.545986274619157,1.04080747817964,-0.593098126513526,0.427284576895515,-0.545986274619157,1.04080747817964,-0.593098126513526
"874",0.719870468617844,-0.550255363165872,1.04080747817964,-0.593098126513526,0.719870468617844,-0.550255363165872,1.04080747817964,-0.593098126513526
"875",0.934043836110202,-0.561570043076392,0.928075116892095,-0.593098126513526,0.934043836110202,-0.561570043076392,0.928075116892095,-0.593098126513526
"876",1.08812075326702,-0.567892324555449,-0.838065209946168,-0.593098126513526,1.08812075326702,-0.567892324555449,-0.838065209946168,-0.593098126513526
"877",1.20238603623794,-0.566301407173319,-0.838065209946168,-0.605947743236183,1.20238603623794,-0.566301407173319,-0.838065209946168,-0.605947743236183
"878",1.28853500593738,-0.557318939178711,-0.838065209946168,-0.632036359006425,1.28853500593738,-0.557318939178711,-0.838065209946168,-0.632036359006425
"879",1.33359138674195,-0.539571827652978,-0.838065209946168,-0.632036359006425,1.33359138674195,-0.539571827652978,-0.838065209946168,-0.632036359006425
"880",1.3234493236822,-0.521964389115839,0.224879911123531,-0.632036359006425,1.3234493236822,-0.521964389115839,0.224879911123531,-0.632036359006425
"881",1.2573982582171,-0.51905657500412,0.458209327943708,-0.632036359006425,1.2573982582171,-0.51905657500412,0.458209327943708,-0.632036359006425
"882",1.14115509009153,-0.529976059769653,0.458209327943708,-0.632036359006425,1.14115509009153,-0.529976059769653,0.458209327943708,-0.632036359006425
"883",0.97732847826572,-0.544150719296803,1.20626091037709,-0.632036359006425,0.97732847826572,-0.544150719296803,1.20626091037709,-0.632036359006425
"884",0.749133611989028,-0.552513581097191,1.74795343558748,-0.454464254958089,0.749133611989028,-0.552513581097191,1.74795343558748,-0.454464254958089
"885",0.437929240661568,-0.552271091972176,1.74795343558748,-0.432517140974587,0.437929240661568,-0.552271091972176,1.74795343558748,-0.432517140974587
"886",0.0610084684889572,-0.547665059857991,1.74795343558748,-0.432517140974587,0.0610084684889572,-0.547665059857991,1.74795343558748,-0.432517140974587
"887",-0.336635461482426,-0.550633321075812,1.74795343558748,-0.432517140974587,-0.336635461482426,-0.550633321075812,1.74795343558748,-0.432517140974587
"888",-0.687088919920699,-0.556692933252237,0.469364686316009,-0.432517140974587,-0.687088919920699,-0.556692933252237,0.469364686316009,-0.432517140974587
"889",-0.960475067895158,-0.558526900319871,0.16944880685727,-0.432517140974587,-0.960475067895158,-0.558526900319871,0.16944880685727,-0.432517140974587
"890",-1.19066325875097,-0.555420040521061,0.16944880685727,-0.464471452024208,-1.19066325875097,-0.555420040521061,0.16944880685727,-0.464471452024208
"891",-1.41753162832916,-0.543627482793375,0.16944880685727,-0.523815172544934,-1.41753162832916,-0.543627482793375,0.16944880685727,-0.523815172544934
"892",-1.66911480758291,-0.51585997881364,0.16944880685727,-0.523815172544934,-1.66911480758291,-0.51585997881364,0.16944880685727,-0.523815172544934
"893",-1.9242200732003,-0.491285754374823,0.16944880685727,-0.523815172544934,-1.9242200732003,-0.491285754374823,0.16944880685727,-0.523815172544934
"894",-2.11373219460705,-0.487895811528894,-0.0400270552737187,-0.523815172544934,-2.11373219460705,-0.487895811528894,-0.0400270552737187,-0.523815172544934
"895",-2.15106230788678,-0.497986367470812,-1.06276214685443,-0.523815172544934,-2.15106230788678,-0.497986367470812,-1.06276214685443,-0.523815172544934
"896",-1.96744692533124,-0.510775087901435,-1.06276214685443,-0.52164461568751,-1.96744692533124,-0.510775087901435,-1.06276214685443,-0.52164461568751
"897",-1.60445372158958,-0.519023268368378,-1.06276214685443,-0.306759486802466,-1.60445372158958,-0.519023268368378,-1.06276214685443,-0.306759486802466
"898",-1.1421194655975,-0.515741607123641,-1.06276214685443,-0.306759486802466,-1.1421194655975,-0.515741607123641,-1.06276214685443,-0.306759486802466
"899",-0.664646293256295,-0.490445007067556,-1.06276214685443,-0.306759486802466,-0.664646293256295,-0.490445007067556,-1.06276214685443,-0.306759486802466
"900",-0.242837852649374,-0.432138728188897,-1.06276214685443,-0.306759486802466,-0.242837852649374,-0.432138728188897,-1.06276214685443,-0.306759486802466
"901",0.0913772989124877,-0.363970415194475,-1.02999461834315,-0.306759486802466,0.0913772989124877,-0.363970415194475,-1.02999461834315,-0.306759486802466
"902",0.332131231336605,-0.314683694729469,-1.0131143763828,-0.306759486802466,0.332131231336605,-0.314683694729469,-1.0131143763828,-0.306759486802466
"903",0.458969639819146,-0.292336483688064,-1.0131143763828,-0.250069057380455,0.458969639819146,-0.292336483688064,-1.0131143763828,-0.250069057380455
"904",0.462541839622008,-0.277958013709664,-1.0131143763828,-0.231172247573119,0.462541839622008,-0.277958013709664,-1.0131143763828,-0.231172247573119
"905",0.356013519643156,-0.261791682763879,-1.0131143763828,-0.231172247573119,0.356013519643156,-0.261791682763879,-1.0131143763828,-0.231172247573119
"906",0.167093961622756,-0.271384647844756,-0.412922333184395,-0.231172247573119,0.167093961622756,-0.271384647844756,-0.412922333184395,-0.231172247573119
"907",-0.119687741541461,-0.309182307373682,-0.243637397923307,-0.231172247573119,-0.119687741541461,-0.309182307373682,-0.243637397923307,-0.231172247573119
"908",-0.491399131140277,-0.354689822446285,-0.243637397923307,-0.231172247573119,-0.491399131140277,-0.354689822446285,-0.243637397923307,-0.231172247573119
"909",-0.906942874321586,-0.408382828637773,-0.243637397923307,-0.214054258888622,-0.906942874321586,-0.408382828637773,-0.243637397923307,-0.214054258888622
"910",-1.32531367100377,-0.489186034921866,-0.14448147745178,-0.19825303856447,-1.32531367100377,-0.489186034921866,-0.14448147745178,-0.19825303856447
"911",-1.72517182145419,-0.554226513812501,0.417402071886878,-0.19825303856447,-1.72517182145419,-0.554226513812501,0.417402071886878,-0.19825303856447
"912",-2.05153201486931,-0.585100503884053,0.417402071886878,-0.19825303856447,-2.05153201486931,-0.585100503884053,0.417402071886878,-0.19825303856447
"913",-2.26134120046078,-0.570719324529955,0.470624126434902,-0.19825303856447,-2.26134120046078,-0.570719324529955,0.470624126434902,-0.19825303856447
"914",-2.35692926501055,-0.475000257611678,1.74795343558748,-0.19825303856447,-2.35692926501055,-0.475000257611678,1.74795343558748,-0.19825303856447
"915",-2.34051707053779,-0.305320699589345,1.74795343558748,-0.136775559955489,-2.34051707053779,-0.305320699589345,1.74795343558748,-0.136775559955489
"916",-2.22091794080581,-0.0586656758710245,1.74795343558748,-0.051878089495468,-2.22091794080581,-0.0586656758710245,1.74795343558748,-0.051878089495468
"917",-2.01628846649193,0.28588114255093,1.74795343558748,-0.051878089495468,-2.01628846649193,0.28588114255093,1.74795343558748,-0.051878089495468
"918",-1.82148571146191,0.690104180084571,1.74795343558748,-0.051878089495468,-1.82148571146191,0.690104180084571,1.74795343558748,-0.051878089495468
"919",-1.67241884442098,1.06980857905822,1.74795343558748,-0.051878089495468,-1.67241884442098,1.06980857905822,1.74795343558748,-0.051878089495468
"920",-1.59333293702401,1.36434606059046,-0.226648410654627,-0.051878089495468,-1.59333293702401,1.36434606059046,-0.226648410654627,-0.051878089495468
"921",-1.57831503471143,1.55792972101462,-0.956980600360611,0.0547491967898037,-1.57831503471143,1.55792972101462,-0.956980600360611,0.0547491967898037
"922",-1.58272700119981,1.66941571953003,-0.956980600360611,0.161376483075074,-1.58272700119981,1.66941571953003,-0.956980600360611,0.161376483075074
"923",-1.53543613028071,1.71619033487542,-0.956980600360611,0.161376483075074,-1.53543613028071,1.71619033487542,-0.956980600360611,0.161376483075074
"924",-1.38658748527289,1.70810158715432,-0.956980600360611,0.161376483075074,-1.38658748527289,1.70810158715432,-0.956980600360611,0.161376483075074
"925",-1.12753102079592,1.66439071516343,-0.956980600360611,0.161376483075074,-1.12753102079592,1.66439071516343,-0.956980600360611,0.161376483075074
"926",-0.793827095317162,1.60520337533565,-0.892785011372794,0.161376483075074,-0.793827095317162,1.60520337533565,-0.892785011372794,0.161376483075074
"927",-0.437870042702353,1.54121628303124,-0.853439327799616,0.168613574345,-0.437870042702353,1.54121628303124,-0.853439327799616,0.168613574345
"928",-0.0990691233095373,1.48081019127287,-0.853439327799616,0.173642739464779,-0.0990691233095373,1.48081019127287,-0.853439327799616,0.173642739464779
"929",0.204482296195908,1.42329939444196,-0.853439327799616,0.173642739464779,0.204482296195908,1.42329939444196,-0.853439327799616,0.173642739464779
"930",0.449287740611817,1.34218109710681,-0.853439327799616,0.173642739464779,0.449287740611817,1.34218109710681,-0.853439327799616,0.173642739464779
"931",0.609463575452095,1.22569138618073,-0.853439327799616,0.173642739464779,0.609463575452095,1.22569138618073,-0.853439327799616,0.173642739464779
"932",0.665177126819085,1.10023473945694,-0.71346469604619,0.173642739464779,0.665177126819085,1.10023473945694,-0.71346469604619,0.173642739464779
"933",0.627991661108334,0.994010541474237,-0.69254894647384,0.063137533274258,0.627991661108334,0.994010541474237,-0.69254894647384,0.063137533274258
"934",0.519224107057716,0.910193626624076,-0.69254894647384,-0.051878089495468,0.519224107057716,0.910193626624076,-0.69254894647384,-0.051878089495468
"935",0.331236693508391,0.838988788663417,-0.69254894647384,-0.051878089495468,0.331236693508391,0.838988788663417,-0.69254894647384,-0.051878089495468
"936",0.0472160597125052,0.772880423355233,-0.69254894647384,-0.051878089495468,0.0472160597125052,0.772880423355233,-0.69254894647384,-0.051878089495468
"937",-0.284250615531158,0.713962685094799,-0.688122025562107,-0.051878089495468,-0.284250615531158,0.713962685094799,-0.688122025562107,-0.051878089495468
"938",-0.61640430203716,0.66696132303147,-0.62930721916337,-0.051878089495468,-0.61640430203716,0.66696132303147,-0.62930721916337,-0.051878089495468
"939",-0.925523919791394,0.625893250838294,-0.62930721916337,-0.051878089495468,-0.925523919791394,0.625893250838294,-0.62930721916337,-0.051878089495468
"940",-1.21579838303812,0.588122512226869,-0.62930721916337,-0.517533922172632,-1.21579838303812,0.588122512226869,-0.62930721916337,-0.517533922172632
"941",-1.47759745857706,0.544615296533101,-0.62930721916337,-0.563587795734109,-1.47759745857706,0.544615296533101,-0.62930721916337,-0.563587795734109
"942",-1.62061302001448,0.493318681762218,-0.62930721916337,-0.563587795734109,-1.62061302001448,0.493318681762218,-0.62930721916337,-0.563587795734109
"943",-1.60001863909137,0.441276376729048,-0.62930721916337,-0.563587795734109,-1.60001863909137,0.441276376729048,-0.62930721916337,-0.563587795734109
"944",-1.46191186584617,0.398829834907865,-0.815476997513995,-0.563587795734109,-1.46191186584617,0.398829834907865,-0.815476997513995,-0.563587795734109
"945",-1.24411618511172,0.372496431513367,-0.848330487811164,-0.563587795734109,-1.24411618511172,0.372496431513367,-0.848330487811164,-0.563587795734109
"946",-1.03793974946827,0.360101037692767,-0.848330487811164,-0.563587795734109,-1.03793974946827,0.360101037692767,-0.848330487811164,-0.563587795734109
"947",-0.945460529479523,0.360283500132048,-0.848330487811164,-0.954855843636684,-0.945460529479523,0.360283500132048,-0.848330487811164,-0.954855843636684
"948",-0.973088387662673,0.392665724913552,-0.35284757895596,-1.06521349817331,-0.973088387662673,0.392665724913552,-0.35284757895596,-1.06521349817331
"949",-1.0721849967345,0.449033043744923,0.142635329899244,-1.06521349817331,-1.0721849967345,0.449033043744923,0.142635329899244,-1.06521349817331
"950",-1.15739138525693,0.478076327342354,0.142635329899244,-1.06521349817331,-1.15739138525693,0.478076327342354,0.142635329899244,-1.06521349817331
"951",-1.15490348157194,0.46760551519249,0.142635329899244,-1.06521349817331,-1.15490348157194,0.46760551519249,0.142635329899244,-1.06521349817331
"952",-1.02053261778132,0.457395503810294,0.142635329899244,-1.06521349817331,-1.02053261778132,0.457395503810294,0.142635329899244,-1.06521349817331
"953",-0.731997634274408,0.489348442026384,0.957415978243911,-1.06521349817331,-0.731997634274408,0.489348442026384,0.957415978243911,-1.06521349817331
"954",-0.340945044748157,0.524397715518097,1.14853736489266,-1.10785514167968,-0.340945044748157,0.524397715518097,1.14853736489266,-1.10785514167968
"955",0.0577422108012881,0.538328451819646,1.14853736489266,-1.14002339906168,0.0577422108012881,0.538328451819646,1.14853736489266,-1.14002339906168
"956",0.395897693247955,0.543851201201415,1.02553172929492,-1.14002339906168,0.395897693247955,0.543851201201415,1.02553172929492,-1.14002339906168
"957",0.637065298743532,0.5239971249784,0.924890754714944,-1.14002339906168,0.637065298743532,0.5239971249784,0.924890754714944,-1.14002339906168
"958",0.75721136361858,0.479460612785437,0.924890754714944,-1.14002339906168,0.75721136361858,0.479460612785437,0.924890754714944,-1.14002339906168
"959",0.744155217006012,0.402734727304654,0.924890754714944,-1.14002339906168,0.744155217006012,0.402734727304654,0.924890754714944,-1.14002339906168
"960",0.629923141735775,0.297201619591178,0.924890754714944,-1.14002339906168,0.629923141735775,0.297201619591178,0.924890754714944,-1.14002339906168
"961",0.481314627218141,0.201802212291949,0.924890754714944,-1.09876277913081,0.481314627218141,0.201802212291949,0.924890754714944,-1.09876277913081
"962",0.327093062492345,0.139060638681484,-0.742031076294913,-1.04833313254864,0.327093062492345,0.139060638681484,-0.742031076294913,-1.04833313254864
"963",0.175917290823139,0.102359342042966,-0.758868670547538,-1.04833313254864,0.175917290823139,0.102359342042966,-0.758868670547538,-1.04833313254864
"964",0.0333304968665835,0.0646327802694385,-0.758868670547538,-1.04833313254864,0.0333304968665835,0.0646327802694385,-0.758868670547538,-1.04833313254864
"965",-0.147121183731476,0.0300112564731311,-0.758868670547538,-1.04833313254864,-0.147121183731476,0.0300112564731311,-0.758868670547538,-1.04833313254864
"966",-0.392650124753601,0.003448443698369,-0.758868670547538,-1.04833313254864,-0.392650124753601,0.003448443698369,-0.758868670547538,-1.04833313254864
"967",-0.680334559853994,-0.0106817446966259,-0.758868670547538,-1.04833313254864,-0.680334559853994,-0.0106817446966259,-0.758868670547538,-1.04833313254864
"968",-1.00597850197942,-0.0133842068157492,-0.840042616609027,-0.750035320750282,-1.00597850197942,-0.0133842068157492,-0.840042616609027,-0.750035320750282
"969",-1.30090721854891,-0.00484145181165621,-1.12784115264522,-0.660933376966356,-1.30090721854891,-0.00484145181165621,-1.12784115264522,-0.660933376966356
"970",-1.44335721402938,0.00322291152815656,-1.12784115264522,-0.660933376966356,-1.44335721402938,0.00322291152815656,-1.12784115264522,-0.660933376966356
"971",-1.46226731762421,-0.00561390416597106,-1.12784115264522,-0.660933376966356,-1.46226731762421,-0.00561390416597106,-1.12784115264522,-0.660933376966356
"972",-1.43778435807711,-0.0168491713405014,-1.12784115264522,-0.660933376966356,-1.43778435807711,-0.0168491713405014,-1.12784115264522,-0.660933376966356
"973",-1.37097011927251,-0.0169732420621427,-0.664582965985499,-0.660933376966356,-1.37097011927251,-0.0169732420621427,-0.664582965985499,-0.660933376966356
"974",-1.37054428441976,-0.00900422071889239,0.0303043140040797,-0.441755200975806,-1.37054428441976,-0.00900422071889239,0.0303043140040797,-0.441755200975806
"975",-1.66676465116546,-0.0110867496501763,0.0303043140040797,-0.231172247573119,-1.66676465116546,-0.0110867496501763,0.0303043140040797,-0.231172247573119
"976",-1.99598917070897,-0.0367328124579919,0.0303043140040797,-0.231172247573119,-1.99598917070897,-0.0367328124579919,0.0303043140040797,-0.231172247573119
"977",-0.0185642767596686,-0.106447945409382,1.10745340644639,-0.231172247573119,-0.0185642767596686,-0.106447945409382,1.10745340644639,-0.231172247573119
"978",-0.0185642767596686,-0.245496236052048,1.17620760383633,-0.231172247573119,-0.0185642767596686,-0.245496236052048,1.17620760383633,-0.231172247573119
"979",-0.0185642767596686,-0.43403617873195,1.17620760383633,-0.231172247573119,-0.0185642767596686,-0.43403617873195,1.17620760383633,-0.231172247573119
"980",-2.09002575336832,-0.649255811048641,1.17620760383633,-0.0518527011973593,-2.09002575336832,-0.649255811048641,1.17620760383633,-0.0518527011973593
"981",-1.42015909061082,-0.821083670433007,1.20725665819596,0.100900986456066,-1.42015909061082,-0.821083670433007,1.20725665819596,0.100900986456066
"982",-0.59036385820079,-0.890992804027084,1.34870235027873,0.100900986456066,-0.59036385820079,-0.890992804027084,1.34870235027873,0.100900986456066
"983",0.0103144551523332,-0.877280046343153,1.34870235027873,0.100900986456066,0.0103144551523332,-0.877280046343153,1.34870235027873,0.100900986456066
"984",0.361539022276772,-0.795496139482954,1.54405550649804,0.100900986456066,0.361539022276772,-0.795496139482954,1.54405550649804,0.100900986456066
"985",0.517662827602649,-0.632292970360873,1.58126563149219,0.100900986456066,0.517662827602649,-0.632292970360873,1.58126563149219,0.100900986456066
"986",0.537692850121552,-0.39684443837863,1.58126563149219,0.282278268656643,0.537692850121552,-0.39684443837863,1.58126563149219,0.282278268656643
"987",0.463231007228549,-0.109019796934488,1.58126563149219,0.336455898404868,0.463231007228549,-0.109019796934488,1.58126563149219,0.336455898404868
"988",0.351525649838913,0.199210414156097,0.89446713660483,0.336455898404868,0.351525649838913,0.199210414156097,0.89446713660483,0.336455898404868
"989",0.232566436811924,0.465859126358641,0.640445775482105,0.336455898404868,0.232566436811924,0.465859126358641,0.640445775482105,0.336455898404868
"990",0.126415045799352,0.647383860053259,0.640445775482105,0.336455898404868,0.126415045799352,0.647383860053259,0.640445775482105,0.336455898404868
"991",0.0468734597458995,0.746022526867544,0.640445775482105,0.386875204247642,0.0468734597458995,0.746022526867544,0.640445775482105,0.386875204247642
"992",-0.0230231437129393,0.781942817932948,0.640445775482105,0.601820665998416,-0.0230231437129393,0.781942817932948,0.640445775482105,0.601820665998416
"993",-0.0912777341898363,0.823736536146712,0.640445775482105,0.601820665998416,-0.0912777341898363,0.823736536146712,0.640445775482105,0.601820665998416
"994",-0.143667582859651,0.920081439127621,-0.273629144528808,0.601820665998416,-0.143667582859651,0.920081439127621,-0.273629144528808,0.601820665998416
"995",-0.171453285438291,1.03049540430642,-0.703782048063356,0.601820665998416,-0.171453285438291,1.03049540430642,-0.703782048063356,0.601820665998416
"996",-0.169073285217106,1.10069804737272,-0.703782048063356,0.601820665998416,-0.169073285217106,1.10069804737272,-0.703782048063356,0.601820665998416
"997",-0.161406619045974,1.08965406679384,-0.703782048063356,0.667089986771587,-0.161406619045974,1.08965406679384,-0.703782048063356,0.667089986771587
"998",-0.203588075508419,1.01562518263874,-0.703782048063356,0.69923756267479,-0.203588075508419,1.01562518263874,-0.703782048063356,0.69923756267479
"999",-0.274427691413103,0.91276109171664,-0.697604794146884,0.69923756267479,-0.274427691413103,0.91276109171664,-0.697604794146884,0.69923756267479
"1000",-0.314316867736447,0.796955580790389,-0.635145893435887,0.69923756267479,-0.314316867736447,0.796955580790389,-0.635145893435887,0.69923756267479
"1001",-0.30534069685912,0.686578716601872,-0.635145893435887,0.69923756267479,-0.30534069685912,0.686578716601872,-0.635145893435887,0.69923756267479
"1002",-0.259889360050748,0.595267523664797,-0.635145893435887,0.690872261078788,-0.259889360050748,0.595267523664797,-0.635145893435887,0.690872261078788
"1003",-0.226704861623726,0.535876508854547,-0.635145893435887,0.61558454671477,-0.226704861623726,0.535876508854547,-0.635145893435887,0.61558454671477
"1004",-0.269120410812598,0.503160886050669,-0.635145893435887,0.61558454671477,-0.269120410812598,0.503160886050669,-0.635145893435887,0.61558454671477
"1005",-0.375026668616435,0.458443275448949,-0.604363387249565,0.61558454671477,-0.375026668616435,0.458443275448949,-0.604363387249565,0.61558454671477
"1006",-0.481041088645379,0.387241274484927,-0.563558669746766,0.61558454671477,-0.481041088645379,0.387241274484927,-0.563558669746766,0.61558454671477
"1007",-0.578940322909448,0.363273156075211,-0.563558669746766,0.61558454671477,-0.578940322909448,0.363273156075211,-0.563558669746766,0.61558454671477
"1008",-0.679508162502521,0.45214651348617,-0.563558669746766,0.529434063901451,-0.679508162502521,0.45214651348617,-0.563558669746766,0.529434063901451
"1009",-0.796783270708772,0.588082623676715,-0.563558669746766,0.362200773734422,-0.796783270708772,0.588082623676715,-0.563558669746766,0.362200773734422
"1010",-0.934318267725719,0.6616083020232,-0.563558669746766,0.362200773734422,-0.934318267725719,0.6616083020232,-0.563558669746766,0.362200773734422
"1011",-1.07016657230889,0.613030274828183,-0.540501618116894,0.362200773734422,-1.07016657230889,0.613030274828183,-0.540501618116894,0.362200773734422
"1012",-1.17289524129859,0.483251272297172,-0.539029891417115,0.362200773734422,-1.17289524129859,0.483251272297172,-0.539029891417115,0.362200773734422
"1013",-1.23722735542066,0.304205682765398,-0.539029891417115,0.362200773734422,-1.23722735542066,0.304205682765398,-0.539029891417115,0.362200773734422
"1014",-1.28916247422544,0.0860151265685618,-0.539029891417115,0.362200773734422,-1.28916247422544,0.0860151265685618,-0.539029891417115,0.362200773734422
"1015",-1.34613196670868,-0.134487835073563,-0.539029891417115,-0.347047791968118,-1.34613196670868,-0.134487835073563,-0.539029891417115,-0.347047791968118
"1016",-1.34669244369332,-0.302496408990538,-0.549747349218977,-0.453027462705279,-1.34669244369332,-0.302496408990538,-0.549747349218977,-0.453027462705279
"1017",-1.26925674338626,-0.405218137681812,-0.569651199422436,-0.453027462705279,-1.26925674338626,-0.405218137681812,-0.569651199422436,-0.453027462705279
"1018",-1.13399315309655,-0.450240487650888,-0.569651199422436,-0.453027462705279,-1.13399315309655,-0.450240487650888,-0.569651199422436,-0.453027462705279
"1019",-0.992182901813549,-0.403751104167827,-0.569651199422436,-0.453027462705279,-0.992182901813549,-0.403751104167827,-0.569651199422436,-0.453027462705279
"1020",-0.90908766051736,-0.243808388418636,-0.569651199422436,-0.453027462705279,-0.90908766051736,-0.243808388418636,-0.569651199422436,-0.453027462705279
"1021",-0.910927970911997,-0.0966271124895864,-0.569651199422436,-0.453027462705279,-0.910927970911997,-0.0966271124895864,-0.569651199422436,-0.453027462705279
"1022",-0.979762100456272,-0.0170714802879001,-0.518345753168216,-0.896150538971776,-0.979762100456272,-0.0170714802879001,-0.518345753168216,-0.896150538971776
"1023",-1.07223002120141,0.000115164175238246,-0.507837408754702,-1.15639742503305,-1.07223002120141,0.000115164175238246,-0.507837408754702,-1.15639742503305
"1024",-1.15827315752748,-0.0362039703496708,-0.507837408754702,-1.15639742503305,-1.15827315752748,-0.0362039703496708,-0.507837408754702,-1.15639742503305
"1025",-1.24274224884081,-0.106944228295947,-0.507837408754702,-1.15639742503305,-1.24274224884081,-0.106944228295947,-0.507837408754702,-1.15639742503305
"1026",-1.33081769644914,-0.193256155935564,-0.507837408754702,-1.15639742503305,-1.33081769644914,-0.193256155935564,-0.507837408754702,-1.15639742503305
"1027",-1.40339722336248,-0.287897218319459,-0.464259320972456,-1.15639742503305,-1.40339722336248,-0.287897218319459,-0.464259320972456,-1.15639742503305
"1028",-1.45619703619173,-0.389196291202154,-0.424033393788846,-1.15639742503305,-1.45619703619173,-0.389196291202154,-0.424033393788846,-1.15639742503305
"1029",-1.45713418338135,-0.491889151028227,-0.424033393788846,-1.1818946931406,-1.45713418338135,-0.491889151028227,-0.424033393788846,-1.1818946931406
"1030",-1.38216775594539,-0.543247002361233,-0.424033393788846,-1.36887465926262,-1.38216775594539,-0.543247002361233,-0.424033393788846,-1.36887465926262
"1031",-1.30198935832259,-0.47925397745831,-0.424033393788846,-1.36887465926262,-1.30198935832259,-0.47925397745831,-0.424033393788846,-1.36887465926262
"1032",-1.25875672718919,-0.288662943947902,-0.411066459795795,-1.36887465926262,-1.25875672718919,-0.288662943947902,-0.411066459795795,-1.36887465926262
"1033",-1.23127920932371,-0.0376296158141927,-0.342990056332279,-1.36887465926262,-1.23127920932371,-0.0376296158141927,-0.342990056332279,-1.36887465926262
"1034",-1.14856012070989,0.202077167211972,-0.342990056332279,-1.36887465926262,-1.14856012070989,0.202077167211972,-0.342990056332279,-1.36887465926262
"1035",-0.965155111094567,0.378470959950185,-0.342990056332279,-1.36887465926262,-0.965155111094567,0.378470959950185,-0.342990056332279,-1.36887465926262
"1036",-0.643382928108366,0.483486464793151,-0.342990056332279,-1.25095343135286,-0.643382928108366,0.483486464793151,-0.342990056332279,-1.25095343135286
"1037",-0.231888281813343,0.520545847472262,-0.342990056332279,-0.856173668350623,-0.231888281813343,0.520545847472262,-0.342990056332279,-0.856173668350623
"1038",0.175512156874713,0.521476714220865,-0.273911558664816,-0.856173668350623,0.175512156874713,0.521476714220865,-0.273911558664816,-0.856173668350623
"1039",0.490927523411049,0.505046905831076,-0.265373766818275,-0.856173668350623,0.490927523411049,0.505046905831076,-0.265373766818275,-0.856173668350623
"1040",0.697430343312714,0.486956352907535,-0.265373766818275,-0.856173668350623,0.697430343312714,0.486956352907535,-0.265373766818275,-0.856173668350623
"1041",0.820760207273197,0.484460130335116,-0.265373766818275,-0.856173668350623,0.820760207273197,0.484460130335116,-0.265373766818275,-0.856173668350623
"1042",0.870398301981627,0.491156086107706,-0.265373766818275,-0.856173668350623,0.870398301981627,0.491156086107706,-0.265373766818275,-0.856173668350623
"1043",0.863065437892761,0.496395107797794,-0.370413103577126,-0.731778709684865,0.863065437892761,0.496395107797794,-0.370413103577126,-0.731778709684865
"1044",0.847378033832743,0.485299779878091,-0.488861717369021,-0.641699601685523,0.847378033832743,0.485299779878091,-0.488861717369021,-0.641699601685523
"1045",0.850357238980416,0.460737084300004,-0.488861717369021,-0.641699601685523,0.850357238980416,0.460737084300004,-0.488861717369021,-0.641699601685523
"1046",0.857766006385146,0.420960426690839,-0.488861717369021,-0.641699601685523,0.857766006385146,0.420960426690839,-0.488861717369021,-0.641699601685523
"1047",0.845787859365386,0.374767682476063,-0.488861717369021,-0.641699601685523,0.845787859365386,0.374767682476063,-0.488861717369021,-0.641699601685523
"1048",0.828658809826555,0.341396208570991,0.0502443386024869,-0.641699601685523,0.828658809826555,0.341396208570991,0.0502443386024869,-0.641699601685523
"1049",0.808224947165747,0.320613054721601,0.0556898543193708,-0.605673178776297,0.808224947165747,0.320613054721601,0.0556898543193708,-0.605673178776297
"1050",0.751399498475113,0.334195341951637,0.0556898543193708,-0.401523448957346,0.751399498475113,0.334195341951637,0.0556898543193708,-0.401523448957346
"1051",0.598631223486813,0.397296005940238,0.0556898543193708,-0.401523448957346,0.598631223486813,0.397296005940238,0.0556898543193708,-0.401523448957346
"1052",0.361765265910308,0.467625419761199,0.0556898543193708,-0.401523448957346,0.361765265910308,0.467625419761199,0.0556898543193708,-0.401523448957346
"1053",0.130455603562604,0.331301541852151,-0.178286132212637,-0.401523448957346,0.130455603562604,0.331301541852151,-0.178286132212637,-0.401523448957346
"1054",-0.0660054664115203,-0.0942083874048188,-0.476073751435193,-0.401523448957346,-0.0660054664115203,-0.0942083874048188,-0.476073751435193,-0.401523448957346
"1055",-0.223866853894313,-0.583148772400283,-0.476073751435193,-0.401523448957346,-0.223866853894313,-0.583148772400283,-0.476073751435193,-0.401523448957346
"1056",-0.355638374131657,-1.07701634395695,-0.476073751435193,-0.278923357389355,-0.355638374131657,-1.07701634395695,-0.476073751435193,-0.278923357389355
"1057",-0.460507602882499,-1.71531129789865,-0.476073751435193,-0.2637705370832,-0.460507602882499,-1.71531129789865,-0.476073751435193,-0.2637705370832
"1058",-0.524599414006849,-2.11499354274925,-0.476073751435193,-0.2637705370832,-0.524599414006849,-2.11499354274925,-0.476073751435193,-0.2637705370832
"1059",-0.561480231408927,-2.2857649324647,-0.476073751435193,-0.2637705370832,-0.561480231408927,-2.2857649324647,-0.476073751435193,-0.2637705370832
"1060",-0.561851553880285,-2.19560433664538,-0.894667666506427,-0.2637705370832,-0.561851553880285,-2.19560433664538,-0.894667666506427,-0.2637705370832
"1061",-0.55464022135057,-1.97360449164321,-1.14050853726255,-0.2637705370832,-0.55464022135057,-1.97360449164321,-1.14050853726255,-0.2637705370832
"1062",-0.562161981191416,-1.73537030102255,-1.14050853726255,0.14302381010642,-0.562161981191416,-1.73537030102255,-1.14050853726255,0.14302381010642
"1063",-0.59352816393465,-1.44518387809669,-1.14050853726255,0.173642739464779,-0.59352816393465,-1.44518387809669,-1.14050853726255,0.173642739464779
"1064",-0.671198129475671,-0.980380807351971,-1.14050853726255,0.173642739464779,-0.671198129475671,-0.980380807351971,-1.14050853726255,0.173642739464779
"1065",-0.765390608058754,-0.445663324401905,-1.14050853726255,0.173642739464779,-0.765390608058754,-0.445663324401905,-1.14050853726255,0.173642739464779
"1066",-0.843905601765141,0.0366926703723602,-1.14050853726255,0.173642739464779,-0.843905601765141,0.0366926703723602,-1.14050853726255,0.173642739464779
"1067",-0.888353634743816,0.420923565167327,-1.14050853726255,0.234506192099834,-0.888353634743816,0.420923565167327,-1.14050853726255,0.234506192099834
"1068",-0.89097592179939,0.697405979824234,-1.2094013397026,0.427240458777505,-0.89097592179939,0.697405979824234,-1.2094013397026,0.427240458777505
"1069",-0.817341080034236,0.869288069231741,-1.42756188076278,0.427240458777505,-0.817341080034236,0.869288069231741,-1.42756188076278,0.427240458777505
"1070",-0.622640449465554,0.991120918951798,-1.42756188076278,0.427240458777505,-0.622640449465554,0.991120918951798,-1.42756188076278,0.427240458777505
"1071",-0.329264904496933,1.07138384489079,0.890564300172906,0.427240458777505,-0.329264904496933,1.07138384489079,0.890564300172906,0.427240458777505
"1072",0.015154757852737,1.13413781623074,1.74795343558748,0.427240458777505,0.015154757852737,1.13413781623074,1.74795343558748,0.427240458777505
"1073",0.360117215164605,1.17106321561022,1.74795343558748,0.683676532766455,0.360117215164605,1.17106321561022,1.74795343558748,0.683676532766455
"1074",0.655509286975944,1.18395473349192,1.74795343558748,0.756004656199235,0.655509286975944,1.18395473349192,1.74795343558748,0.756004656199235
"1075",0.897182167044627,1.1808426791659,1.74795343558748,0.756004656199235,0.897182167044627,1.1808426791659,1.74795343558748,0.756004656199235
"1076",1.0962383541374,1.16239425041195,1.74795343558748,0.756004656199235,1.0962383541374,1.16239425041195,1.74795343558748,0.756004656199235
"1077",1.23851403075268,1.10406950573651,1.74795343558748,0.756004656199235,1.23851403075268,1.10406950573651,1.74795343558748,0.756004656199235
"1078",1.31700297582112,1.00500746907277,1.74795343558748,0.823427703385016,1.31700297582112,1.00500746907277,1.74795343558748,0.823427703385016
"1079",1.33670169761703,0.887374376077744,0.558717028437026,0.916535720927286,1.33670169761703,0.887374376077744,0.558717028437026,0.916535720927286
"1080",1.3077375960596,0.745738813189875,0.261407926649413,0.916535720927286,1.3077375960596,0.745738813189875,0.261407926649413,0.916535720927286
"1081",1.25805861706512,0.616069587088027,0.261407926649413,0.916535720927286,1.25805861706512,0.616069587088027,0.261407926649413,0.916535720927286
"1082",1.21249704794121,0.513417909772572,1.37038794809307,0.916535720927286,1.21249704794121,0.513417909772572,1.37038794809307,0.916535720927286
"1083",1.17909337868963,0.43215276427456,1.61382258694656,0.924052368738187,1.17909337868963,0.43215276427456,1.61382258694656,0.924052368738187
"1084",1.15648040083337,0.36987912787525,1.61382258694656,0.991702199036289,1.15648040083337,0.36987912787525,1.61382258694656,0.991702199036289
"1085",1.14362634679929,0.295670682181408,1.61382258694656,0.991702199036289,1.14362634679929,0.295670682181408,1.61382258694656,0.991702199036289
"1086",1.1438467251766,0.205270586893011,1.61382258694656,0.991702199036289,1.1438467251766,0.205270586893011,1.61382258694656,0.991702199036289
"1087",1.14492291344028,0.0258830087493636,1.61382258694656,0.991702199036289,1.14492291344028,0.0258830087493636,1.61382258694656,0.991702199036289
"1088",1.13693305440035,-0.240607868304731,1.61382258694656,0.991702199036289,1.13693305440035,-0.240607868304731,1.61382258694656,0.991702199036289
"1089",1.12063894133603,-0.487509678778485,1.61382258694656,0.946559522904412,1.12063894133603,-0.487509678778485,1.61382258694656,0.946559522904412
"1090",1.10379013028952,-0.672837609854451,1.06076114750597,0.931511964193787,1.10379013028952,-0.672837609854451,1.06076114750597,0.931511964193787
"1091",1.08271074442879,-0.789588485912515,1.09408538091636,0.931511964193787,1.08271074442879,-0.789588485912515,1.09408538091636,0.931511964193787
"1092",1.0661122418171,-0.841455186029723,1.09408538091636,0.931511964193787,1.0661122418171,-0.841455186029723,1.09408538091636,0.931511964193787
"1093",1.0597894956056,-0.836298776941752,1.09408538091636,0.931511964193787,1.0597894956056,-0.836298776941752,1.09408538091636,0.931511964193787
"1094",1.05418118935468,-0.78328451607611,1.09408538091636,0.872394313630942,1.05418118935468,-0.78328451607611,1.09408538091636,0.872394313630942
"1095",1.03936072191711,-0.6978309466858,1.09408538091636,0.68518842018193,1.03936072191711,-0.6978309466858,1.09408538091636,0.68518842018193
"1096",1.00016588842639,-0.564958537807724,1.09408538091636,0.68518842018193,1.00016588842639,-0.564958537807724,1.09408538091636,0.68518842018193
"1097",0.928136919314369,-0.377236733162018,1.09408538091636,0.68518842018193,0.928136919314369,-0.377236733162018,1.09408538091636,0.68518842018193
"1098",0.852346682139973,-0.174413709213654,1.09408538091636,0.68518842018193,0.852346682139973,-0.174413709213654,1.09408538091636,0.68518842018193
"1099",0.822354608175187,0.0226636164323177,0.766981492584169,0.68518842018193,0.822354608175187,0.0226636164323177,0.766981492584169,0.68518842018193
"1100",0.844718312641844,0.183327960384789,-1.87958633119448,0.540286848188575,0.844718312641844,0.183327960384789,-1.87958633119448,0.540286848188575
"1101",0.884009405337685,0.286380092771157,-1.87958633119448,0.401067690783195,0.884009405337685,0.286380092771157,-1.87958633119448,0.401067690783195
"1102",0.914075830050511,0.33171061086925,-1.87958633119448,0.401067690783195,0.914075830050511,0.33171061086925,-1.87958633119448,0.401067690783195
"1103",0.936765142491473,0.327352907051844,-1.87958633119448,0.401067690783195,0.936765142491473,0.327352907051844,-1.87958633119448,0.401067690783195
"1104",0.956376402966602,0.287757296466725,-1.87958633119448,0.401067690783195,0.956376402966602,0.287757296466725,-1.87958633119448,0.401067690783195
"1105",0.971458305575067,0.240228587123047,-1.4669167348624,0.401067690783195,0.971458305575067,0.240228587123047,-1.4669167348624,0.401067690783195
"1106",0.979796974852902,0.198635746227772,-0.764263097864537,0.215296664070004,0.979796974852902,0.198635746227772,-0.764263097864537,0.215296664070004
"1107",0.984872491578718,0.17934760720346,-0.764263097864537,-0.0633598759997834,0.984872491578718,0.17934760720346,-0.764263097864537,-0.0633598759997834
"1108",0.976498803271063,0.255272442402297,-0.764263097864537,-0.0633598759997834,0.976498803271063,0.255272442402297,-0.764263097864537,-0.0633598759997834
"1109",0.950564020300527,0.46878166452588,-0.764263097864537,-0.0633598759997834,0.950564020300527,0.46878166452588,-0.764263097864537,-0.0633598759997834
"1110",0.919871910754429,0.732872987663943,0.326986075626651,-0.0633598759997834,0.919871910754429,0.732872987663943,0.326986075626651,-0.0633598759997834
"1111",0.898695403150903,0.950402072243783,0.338008794550805,-0.0633598759997834,0.898695403150903,0.950402072243783,0.338008794550805,-0.0633598759997834
"1112",0.887774554819625,1.06498443028839,0.338008794550805,-0.0633598759997834,0.887774554819625,1.06498443028839,0.338008794550805,-0.0633598759997834
"1113",0.889051024332665,1.06568578488731,0.341257509072654,-0.469154238031866,0.889051024332665,1.06568578488731,0.341257509072654,-0.469154238031866
"1114",0.903603932581817,0.977010513726795,0.662880246735745,-0.829009615682958,0.903603932581817,0.977010513726795,0.662880246735745,-0.829009615682958
"1115",0.912475736399831,0.816447555304319,0.662880246735745,-0.829009615682958,0.912475736399831,0.816447555304319,0.662880246735745,-0.829009615682958
"1116",0.933075292549021,0.627856258930575,0.662880246735745,-0.829009615682958,0.933075292549021,0.627856258930575,0.662880246735745,-0.829009615682958
"1117",1.01705170233938,0.433621110434358,0.662880246735745,-0.829009615682958,1.01705170233938,0.433621110434358,0.662880246735745,-0.829009615682958
"1118",1.14930167222797,0.243795059809744,0.662880246735745,-0.829009615682958,1.14930167222797,0.243795059809744,0.662880246735745,-0.829009615682958
"1119",1.27239959980623,0.0749481676809567,-0.097823488990782,-0.829009615682958,1.27239959980623,0.0749481676809567,-0.097823488990782,-0.829009615682958
"1120",1.35431230194276,-0.0669411836618231,-0.146379046590348,-0.921800279498866,1.35431230194276,-0.0669411836618231,-0.146379046590348,-0.921800279498866
"1121",1.3901092544958,-0.189927174042851,-0.146379046590348,-1.17267874092706,1.3901092544958,-0.189927174042851,-0.146379046590348,-1.17267874092706
"1122",1.39303877747309,-0.290185239383462,-0.146379046590348,-1.17267874092706,1.39303877747309,-0.290185239383462,-0.146379046590348,-1.17267874092706
"1123",1.37850570759059,-0.36768851949354,0.389128291722214,-1.17267874092706,1.37850570759059,-0.36768851949354,0.389128291722214,-1.17267874092706
"1124",1.36129851213792,-0.44395249378843,0.531478343678718,-1.17267874092706,1.36129851213792,-0.44395249378843,0.531478343678718,-1.17267874092706
"1125",1.34470690982767,-0.508924444159242,0.531478343678718,-1.17267874092706,1.34470690982767,-0.508924444159242,0.531478343678718,-1.17267874092706
"1126",1.33094417234742,-0.55331868610001,0.672936411212393,-1.17267874092706,1.33094417234742,-0.55331868610001,0.672936411212393,-1.17267874092706
"1127",1.31871114544314,-0.581214558431804,1.36358462328857,-1.17267874092706,1.31871114544314,-0.581214558431804,1.36358462328857,-1.17267874092706
"1128",1.30521872727189,-0.592457626739811,1.36358462328857,-1.21138077666901,1.30521872727189,-0.592457626739811,1.36358462328857,-1.21138077666901
"1129",1.28437869561744,-0.583887217418244,1.36358462328857,-1.2129933614916,1.28437869561744,-0.583887217418244,1.36358462328857,-1.2129933614916
"1130",1.27305719853367,-0.565262174739451,1.36358462328857,-1.2129933614916,1.27305719853367,-0.565262174739451,1.36358462328857,-1.2129933614916
"1131",1.27728225310673,-0.552414922451066,0.834360206204045,-1.2129933614916,1.27728225310673,-0.552414922451066,0.834360206204045,-1.2129933614916
"1132",1.28227807135089,-0.547776471255248,0.0727933621067984,-1.2129933614916,1.28227807135089,-0.547776471255248,0.0727933621067984,-1.2129933614916
"1133",1.28437653927324,-0.543879548160083,0.0727933621067984,-1.2129933614916,1.28437653927324,-0.543879548160083,0.0727933621067984,-1.2129933614916
"1134",1.28807510084626,-0.537095598404678,0.0727933621067984,-1.2129933614916,1.28807510084626,-0.537095598404678,0.0727933621067984,-1.2129933614916
"1135",1.28751160497973,-0.525505216160149,0.36263149937962,-1.2230529040937,1.28751160497973,-0.525505216160149,0.36263149937962,-1.2230529040937
"1136",1.27863505720448,-0.512359091704196,0.731516401363213,-1.22896088943145,1.27863505720448,-0.512359091704196,0.731516401363213,-1.22896088943145
"1137",1.25927781407619,-0.497668623100103,0.731516401363213,-1.22896088943145,1.25927781407619,-0.497668623100103,0.731516401363213,-1.22896088943145
"1138",1.22518730606981,-0.486635811688973,0.731516401363213,-1.22896088943145,1.22518730606981,-0.486635811688973,0.731516401363213,-1.22896088943145
"1139",1.18187342388693,-0.480742358984264,1.56427064688961,-1.22896088943145,1.18187342388693,-0.480742358984264,1.56427064688961,-1.22896088943145
"1140",1.13058400078961,-0.477639282968757,1.58126563149219,-1.22896088943145,1.13058400078961,-0.477639282968757,1.58126563149219,-1.22896088943145
"1141",1.06508288934946,-0.474775286001955,1.58126563149219,-1.22896088943145,1.06508288934946,-0.474775286001955,1.58126563149219,-1.22896088943145
"1142",0.996091605439835,-0.44969043767072,1.58126563149219,-1.18815362177889,0.996091605439835,-0.44969043767072,1.58126563149219,-1.18815362177889
"1143",0.934781047065534,-0.362017562589726,1.58126563149219,-1.13180072835393,0.934781047065534,-0.362017562589726,1.58126563149219,-1.13180072835393
"1144",0.885020558260272,-0.207639904525238,1.58126563149219,-1.13180072835393,0.885020558260272,-0.207639904525238,1.58126563149219,-1.13180072835393
"1145",0.849882411987425,-0.0157983539898536,-0.668712051045482,-1.13180072835393,0.849882411987425,-0.0157983539898536,-0.668712051045482,-1.13180072835393
"1146",0.827095632788591,0.167441208983064,-0.838065209946168,-1.13180072835393,0.827095632788591,0.167441208983064,-0.838065209946168,-1.13180072835393
"1147",0.809951057571515,0.329459726937666,-0.838065209946168,-1.13180072835393,0.809951057571515,0.329459726937666,-0.838065209946168,-1.13180072835393
"1148",0.798024145289963,0.513507762947676,-0.838065209946168,-1.13180072835393,0.798024145289963,0.513507762947676,-0.838065209946168,-1.13180072835393
"1149",0.794293066046394,0.705072751622968,-0.838065209946168,-0.835510731569502,0.794293066046394,0.705072751622968,-0.838065209946168,-0.835510731569502
"1150",0.764042144523758,0.849299997563621,-0.838065209946168,-0.708529304376175,0.764042144523758,0.849299997563621,-0.838065209946168,-0.708529304376175
"1151",0.691152535314361,0.900679310141815,-0.820231550555422,-0.708529304376175,0.691152535314361,0.900679310141815,-0.820231550555422,-0.708529304376175
"1152",0.605177280703731,0.848731209447695,-0.817328396701114,-0.708529304376175,0.605177280703731,0.848731209447695,-0.817328396701114,-0.708529304376175
"1153",0.542395923077024,0.739828380173676,-0.817328396701114,-0.708529304376175,0.542395923077024,0.739828380173676,-0.817328396701114,-0.708529304376175
"1154",0.519051254506589,0.612585456065877,-0.817328396701114,-0.708529304376175,0.519051254506589,0.612585456065877,-0.817328396701114,-0.708529304376175
"1155",0.54045581707278,0.498492099189703,-0.493707499695956,-0.600402325616375,0.54045581707278,0.498492099189703,-0.493707499695956,-0.600402325616375
"1156",0.621397215527552,0.41264812744659,0.261407926649413,-0.359732598699399,0.621397215527552,0.41264812744659,0.261407926649413,-0.359732598699399
"1157",0.755476800343546,0.351450561647972,0.261407926649413,-0.359732598699399,0.755476800343546,0.351450561647972,0.261407926649413,-0.359732598699399
"1158",0.877558141011829,0.300122793727893,0.261407926649413,-0.359732598699399,0.877558141011829,0.300122793727893,0.261407926649413,-0.359732598699399
"1159",0.928845407764947,0.249451955987951,0.261407926649413,-0.359732598699399,0.928845407764947,0.249451955987951,0.261407926649413,-0.359732598699399
"1160",0.895857654182795,0.201251648464666,0.261407926649413,-0.359732598699399,0.895857654182795,0.201251648464666,0.261407926649413,-0.359732598699399
"1161",0.799472432308915,0.16632625416976,-0.0198670332365539,-0.300458054159477,0.799472432308915,0.16632625416976,-0.0198670332365539,-0.300458054159477
"1162",0.6612634483486,0.152160703750563,-0.780351184039353,-0.0633598759997834,0.6612634483486,0.152160703750563,-0.780351184039353,-0.0633598759997834
"1163",0.484617715264758,0.155326982961243,-0.780351184039353,-0.0633598759997834,0.484617715264758,0.155326982961243,-0.780351184039353,-0.0633598759997834
"1164",0.300525866894631,0.165232740795174,-0.780351184039353,-0.0633598759997834,0.300525866894631,0.165232740795174,-0.780351184039353,-0.0633598759997834
"1165",0.12126629962448,0.177502849346406,-0.780351184039353,-0.0633598759997834,0.12126629962448,0.177502849346406,-0.780351184039353,-0.0633598759997834
"1166",-0.0501933394029348,0.199486770477343,-0.137467452662665,-0.0633598759997834,-0.0501933394029348,0.199486770477343,-0.137467452662665,-0.0633598759997834
"1167",-0.180729360667051,0.242018970612635,0.224154646236723,-0.0529417593446092,-0.180729360667051,0.242018970612635,0.224154646236723,-0.0529417593446092
"1168",-0.294511967552096,0.301562546631397,0.224154646236723,0.00609423503471075,-0.294511967552096,0.301562546631397,0.224154646236723,0.00609423503471075
"1169",-0.413505682086296,0.364045935423145,0.773923581098415,0.00609423503471075,-0.413505682086296,0.364045935423145,0.773923581098415,0.00609423503471075
"1170",-0.52206476077959,0.413948104592076,1.53312830066932,0.00609423503471075,-0.52206476077959,0.413948104592076,1.53312830066932,0.00609423503471075
"1171",-0.628232194993015,0.45055548866328,1.53312830066932,0.00609423503471075,-0.628232194993015,0.45055548866328,1.53312830066932,0.00609423503471075
"1172",-0.712063957214392,0.516391673825862,1.53312830066932,0.00609423503471075,-0.712063957214392,0.516391673825862,1.53312830066932,0.00609423503471075
"1173",-0.767424903177684,0.607570284864533,1.53312830066932,0.00609423503471075,-0.767424903177684,0.607570284864533,1.53312830066932,0.00609423503471075
"1174",-0.794805903076739,0.658051470976919,1.37080204971946,-0.147474730775965,-0.794805903076739,0.658051470976919,1.37080204971946,-0.147474730775965
"1175",-0.789067698651168,0.671332129950314,1.30449977820473,-0.153873437684743,-0.789067698651168,0.671332129950314,1.30449977820473,-0.153873437684743
"1176",-0.770355288692654,0.669969295288623,1.30449977820473,-0.153873437684743,-0.770355288692654,0.669969295288623,1.30449977820473,-0.153873437684743
"1177",-0.749273401472654,0.654959391289678,1.12717416344033,-0.153873437684743,-0.749273401472654,0.654959391289678,1.12717416344033,-0.153873437684743
"1178",-0.724024939734314,0.630539213544669,0.261407926649413,-0.153873437684743,-0.724024939734314,0.630539213544669,0.261407926649413,-0.153873437684743
"1179",-0.708193836896762,0.606314335074148,0.261407926649413,-0.153873437684743,-0.708193836896762,0.606314335074148,0.261407926649413,-0.153873437684743
"1180",-0.711020890397634,0.582200653119363,0.261407926649413,-0.30677874197238,-0.711020890397634,0.582200653119363,0.261407926649413,-0.30677874197238
"1181",-0.727886607182677,0.559104878943163,0.261407926649413,-0.493663002768382,-0.727886607182677,0.559104878943163,0.261407926649413,-0.493663002768382
"1182",-0.760152675487742,0.547073003928565,0.51206157853006,-0.493663002768382,-0.760152675487742,0.547073003928565,0.51206157853006,-0.493663002768382
"1183",-0.805437456270052,0.554940764690752,0.552865661394351,-0.493663002768382,-0.805437456270052,0.554940764690752,0.552865661394351,-0.493663002768382
"1184",-0.86665365302213,0.546529802129042,0.552865661394351,-0.493663002768382,-0.86665365302213,0.546529802129042,0.552865661394351,-0.493663002768382
"1185",-0.959237585085266,0.519543621373366,0.552865661394351,-0.493663002768382,-0.959237585085266,0.519543621373366,0.552865661394351,-0.493663002768382
"1186",-1.0661703489824,0.510170550158445,0.552865661394351,-0.493663002768382,-1.0661703489824,0.510170550158445,0.552865661394351,-0.493663002768382
"1187",-1.1663936047722,0.492085546783748,0.552865661394351,-0.669034882734537,-1.1663936047722,0.492085546783748,0.552865661394351,-0.669034882734537
"1188",-1.21958664852989,0.456955057419804,0.552865661394351,-0.755412077344732,-1.21958664852989,0.456955057419804,0.552865661394351,-0.755412077344732
"1189",-1.19880699451306,0.401571255980998,0.552865661394351,-0.755412077344732,-1.19880699451306,0.401571255980998,0.552865661394351,-0.755412077344732
"1190",-1.07559961090318,0.323368349666845,0.552865661394351,-0.755412077344732,-1.07559961090318,0.323368349666845,0.552865661394351,-0.755412077344732
"1191",-0.818346195193062,0.20091110796739,0.552865661394351,-0.755412077344732,-0.818346195193062,0.20091110796739,0.552865661394351,-0.755412077344732
"1192",-0.466187154745812,0.0694911113172013,0.552865661394351,-0.755412077344732,-0.466187154745812,0.0694911113172013,0.552865661394351,-0.755412077344732
"1193",-0.0690717878649015,-0.0466876660481142,0.552865661394351,-0.755412077344732,-0.0690717878649015,-0.0466876660481142,0.552865661394351,-0.755412077344732
"1194",0.333028184270324,-0.128561542866853,0.552865661394351,-0.821558578080653,0.333028184270324,-0.128561542866853,0.552865661394351,-0.821558578080653
"1195",0.704953310706312,-0.193102001800994,0.552865661394351,-0.838095203264634,0.704953310706312,-0.193102001800994,0.552865661394351,-0.838095203264634
"1196",1.01363079164564,-0.256704175902723,-0.161505972744976,-0.838095203264634,1.01363079164564,-0.256704175902723,-0.161505972744976,-0.838095203264634
"1197",1.25038306675588,-0.305126698946658,-2.69427813014804,-0.838095203264634,1.25038306675588,-0.305126698946658,-2.69427813014804,-0.838095203264634
"1198",1.42544940709337,-0.329021103652025,-2.69427813014804,-0.838095203264634,1.42544940709337,-0.329021103652025,-2.69427813014804,-0.838095203264634
"1199",1.54559892211914,-0.335465914311377,-2.69427813014804,-0.838095203264634,1.54559892211914,-0.335465914311377,-2.69427813014804,-0.838095203264634
"1200",1.61656955749746,-0.365389053652881,-2.69427813014804,-0.838095203264634,1.61656955749746,-0.365389053652881,-2.69427813014804,-0.838095203264634
"1201",1.64043166242229,-0.435554456817335,-2.69427813014804,-0.802711689084205,1.64043166242229,-0.435554456817335,-2.69427813014804,-0.802711689084205
"1202",1.61907298686069,-0.528631975856331,-0.325004242359268,-0.801617353594089,1.61907298686069,-0.528631975856331,-0.325004242359268,-0.801617353594089
"1203",1.55854147251922,-0.610118178383315,-0.301072182886654,-0.801617353594089,1.55854147251922,-0.610118178383315,-0.301072182886654,-0.801617353594089
"1204",1.46513002180562,-0.678709714547191,-0.301072182886654,-0.801617353594089,1.46513002180562,-0.678709714547191,-0.301072182886654,-0.801617353594089
"1205",1.35021386790116,-0.749395551412626,-0.301072182886654,-0.801617353594089,1.35021386790116,-0.749395551412626,-0.301072182886654,-0.801617353594089
"1206",1.20704279091999,-0.818239853643821,-0.301072182886654,-0.801617353594089,1.20704279091999,-0.818239853643821,-0.301072182886654,-0.801617353594089
"1207",1.03065297276588,-0.834838049733272,-0.301072182886654,-0.689133785668063,1.03065297276588,-0.834838049733272,-0.301072182886654,-0.689133785668063
"1208",0.835244630030534,-0.821186346429305,-0.301072182886654,-0.5337993347226,0.835244630030534,-0.821186346429305,-0.301072182886654,-0.5337993347226
"1209",0.6192580358267,-0.873701661746057,-0.301072182886654,-0.5337993347226,0.6192580358267,-0.873701661746057,-0.301072182886654,-0.5337993347226
"1210",0.385387154091184,-1.00563088088744,-0.301072182886654,-0.5337993347226,0.385387154091184,-1.00563088088744,-0.301072182886654,-0.5337993347226
"1211",0.131447953163762,-1.16972052971004,-0.301072182886654,-0.5337993347226,0.131447953163762,-1.16972052971004,-0.301072182886654,-0.5337993347226
"1212",-0.157329317177541,-1.23821135183933,-0.301072182886654,-0.5337993347226,-0.157329317177541,-1.23821135183933,-0.301072182886654,-0.5337993347226
"1213",-0.445835060657093,-1.07556533313029,-0.301072182886654,-0.522090051951521,-0.445835060657093,-1.07556533313029,-0.301072182886654,-0.522090051951521
"1214",-0.715719909426009,-0.727451523503181,-0.301072182886654,-0.338644621871285,-0.715719909426009,-0.727451523503181,-0.301072182886654,-0.338644621871285
"1215",-0.972651771088917,-0.317017308046605,-0.301072182886654,-0.338644621871285,-0.972651771088917,-0.317017308046605,-0.301072182886654,-0.338644621871285
"1216",-1.23610597018254,0.0680057194471902,-0.301072182886654,-0.338644621871285,-1.23610597018254,0.0680057194471902,-0.301072182886654,-0.338644621871285
"1217",-1.51061928239758,0.391518103437732,-0.301072182886654,-0.338644621871285,-1.51061928239758,0.391518103437732,-0.301072182886654,-0.338644621871285
"1218",-1.76088346903065,0.639751287115713,-0.301072182886654,-0.338644621871285,-1.76088346903065,0.639751287115713,-0.301072182886654,-0.338644621871285
"1219",-1.96456242682086,0.828784504373586,-0.301072182886654,-0.256678644057514,-1.96456242682086,0.828784504373586,-0.301072182886654,-0.256678644057514
"1220",-2.12970734123721,0.965487551577805,-0.301072182886654,0.173642739464779,-2.12970734123721,0.965487551577805,-0.301072182886654,0.173642739464779
"1221",-2.25851440572121,1.04065547442035,-0.301072182886654,0.173642739464779,-2.25851440572121,1.04065547442035,-0.301072182886654,0.173642739464779
"1222",-2.34746110264039,1.04697937685349,-0.301072182886654,0.173642739464779,-2.34746110264039,1.04697937685349,-0.301072182886654,0.173642739464779
"1223",-2.39804505616901,0.995419004358359,-0.301072182886654,0.173642739464779,-2.39804505616901,0.995419004358359,-0.301072182886654,0.173642739464779
"1224",-2.39127965562,0.924854279529589,-0.158253239527174,0.173642739464779,-2.39127965562,0.924854279529589,-0.158253239527174,0.173642739464779
"1225",-2.27278353907355,0.860513611220715,-0.0548326253703088,0.299603642652659,-2.27278353907355,0.860513611220715,-0.0548326253703088,0.299603642652659
"1226",-2.00341966306352,0.797934978063357,-0.0548326253703088,0.453555857660069,-2.00341966306352,0.797934978063357,-0.0548326253703088,0.453555857660069
"1227",-1.63846271978518,0.736968662151943,-0.0548326253703088,0.453555857660069,-1.63846271978518,0.736968662151943,-0.0548326253703088,0.453555857660069
"1228",-1.2269641920706,0.683026192528685,-0.0548326253703088,0.453555857660069,-1.2269641920706,0.683026192528685,-0.0548326253703088,0.453555857660069
"1229",-0.805882956981915,0.636241515122512,-0.0548326253703088,0.453555857660069,-0.805882956981915,0.636241515122512,-0.0548326253703088,0.453555857660069
"1230",-0.412563359670594,0.653790393773864,-0.0548326253703088,0.453555857660069,-0.412563359670594,0.653790393773864,-0.0548326253703088,0.453555857660069
"1231",-0.0646471420726216,0.734475340480056,-0.0548326253703088,0.485448124273301,-0.0646471420726216,0.734475340480056,-0.0548326253703088,0.485448124273301
"1232",0.237754169689943,0.811486541907239,-0.0548326253703088,0.493421190926609,0.237754169689943,0.811486541907239,-0.0548326253703088,0.493421190926609
"1233",0.49424924227156,0.850902352715402,-0.814432203397041,0.493421190926609,0.49424924227156,0.850902352715402,-0.814432203397041,0.493421190926609
"1234",0.699928597449865,0.872139223290599,-1.86340304924348,0.493421190926609,0.699928597449865,0.872139223290599,-1.86340304924348,0.493421190926609
"1235",0.838682705224114,0.918767058366347,-1.86340304924348,0.493421190926609,0.838682705224114,0.918767058366347,-1.86340304924348,0.493421190926609
"1236",0.893675261344161,0.944802405984231,-1.3719801767786,0.490229111647521,0.893675261344161,0.944802405984231,-1.3719801767786,0.490229111647521
"1237",0.875100081130579,0.909698949761998,1.64676032550565,0.466820530267541,0.875100081130579,0.909698949761998,1.64676032550565,0.466820530267541
"1238",0.796021591557667,0.830763210462538,1.64676032550565,0.466820530267541,0.796021591557667,0.830763210462538,1.64676032550565,0.466820530267541
"1239",0.663648106273259,0.739801286416691,1.64676032550565,0.466820530267541,0.663648106273259,0.739801286416691,1.64676032550565,0.466820530267541
"1240",0.482459387227404,0.62430373018605,1.64676032550565,0.466820530267541,0.482459387227404,0.62430373018605,1.64676032550565,0.466820530267541
"1241",0.253461067101535,0.462630148457227,1.64676032550565,0.466820530267541,0.253461067101535,0.462630148457227,1.64676032550565,0.466820530267541
"1242",-0.0321964907039774,0.244197495527719,1.64676032550565,0.402210877352538,-0.0321964907039774,0.244197495527719,1.64676032550565,0.402210877352538
"1243",-0.343603127117463,0.0279724979733901,1.64676032550565,0.185908995854483,-0.343603127117463,0.0279724979733901,1.64676032550565,0.185908995854483
"1244",-0.644519752770969,-0.101998916945587,1.64676032550565,0.185908995854483,-0.644519752770969,-0.101998916945587,1.64676032550565,0.185908995854483
"1245",-0.913244574613682,-0.160252503138249,1.64676032550565,0.185908995854483,-0.913244574613682,-0.160252503138249,1.64676032550565,0.185908995854483
"1246",-1.15281915926756,-0.203890595692266,1.38623867946594,0.185908995854483,-1.15281915926756,-0.203890595692266,1.38623867946594,0.185908995854483
"1247",-1.35798547703364,-0.256273431880037,1.36358462328857,0.185908995854483,-1.35798547703364,-0.256273431880037,1.36358462328857,0.185908995854483
"1248",-1.51644167050075,-0.313625963799453,0.748054446240118,0.185908995854483,-1.51644167050075,-0.313625963799453,0.748054446240118,0.185908995854483
"1249",-1.58919404996521,-0.342336844369378,0.574443370662349,-0.265207115389678,-1.58919404996521,-0.342336844369378,0.574443370662349,-0.265207115389678
"1250",-1.55048448017341,-0.330028570991497,0.574443370662349,-0.338644621871285,-1.55048448017341,-0.330028570991497,0.574443370662349,-0.338644621871285
"1251",-1.48967660875918,-0.304506719045445,0.574443370662349,-0.338644621871285,-1.48967660875918,-0.304506719045445,0.574443370662349,-0.338644621871285
"1252",-1.46589247724064,-0.254250555927494,0.574443370662349,-0.338644621871285,-1.46589247724064,-0.254250555927494,0.574443370662349,-0.338644621871285
"1253",-1.47817630761429,-0.163826356538056,0.574443370662349,-0.338644621871285,-1.47817630761429,-0.163826356538056,0.574443370662349,-0.338644621871285
"1254",-1.49279373368193,-0.0553724297095076,0.574443370662349,-0.338644621871285,-1.49279373368193,-0.0553724297095076,0.574443370662349,-0.338644621871285
"1255",-1.47821848570686,0.04154721763682,-0.729700430869865,-0.403157998936717,-1.47821848570686,0.04154721763682,-0.729700430869865,-0.403157998936717
"1256",-1.42584683658209,0.114287181702079,-1.34341516100267,-0.553689212089394,-1.42584683658209,0.114287181702079,-1.34341516100267,-0.553689212089394
"1257",-1.31487670631113,0.172179813652978,-1.34341516100267,-0.553689212089394,-1.31487670631113,0.172179813652978,-1.34341516100267,-0.553689212089394
"1258",-1.13303487373377,0.158863512375135,-1.34341516100267,-0.553689212089394,-1.13303487373377,0.158863512375135,-1.34341516100267,-0.553689212089394
"1259",-0.843587411614888,-0.056267831664485,-1.34341516100267,-0.553689212089394,-0.843587411614888,-0.056267831664485,-1.34341516100267,-0.553689212089394
"1260",-0.502675517503364,-0.602141869753703,-1.34341516100267,-0.553689212089394,-0.502675517503364,-0.602141869753703,-1.34341516100267,-0.553689212089394
"1261",-0.171482611719421,-1.44196205668419,-0.706764277875745,-0.553689212089394,-0.171482611719421,-1.44196205668419,-0.706764277875745,-0.553689212089394
"1262",0.147025642430848,-2.02780644004565,-0.611632536718849,-0.655662238544658,0.147025642430848,-2.02780644004565,-0.611632536718849,-0.655662238544658
"1263",0.440321575171581,-1.85757949470547,-0.611632536718849,-0.746091148797439,0.440321575171581,-1.85757949470547,-0.611632536718849,-0.746091148797439
"1264",0.679614972541687,-1.13751091084588,0.898502485557199,-0.746091148797439,0.679614972541687,-1.13751091084588,0.898502485557199,-0.746091148797439
"1265",0.859437690663289,-0.371965128893487,1.74795343558748,-0.746091148797439,0.859437690663289,-0.371965128893487,1.74795343558748,-0.746091148797439
"1266",0.981229304924768,-0.112536846871375,1.74795343558748,-0.746091148797439,0.981229304924768,-0.112536846871375,1.74795343558748,-0.746091148797439
"1267",1.03490580105225,-0.334714623115535,1.74795343558748,-0.746091148797439,1.03490580105225,-0.334714623115535,1.74795343558748,-0.746091148797439
"1268",1.019505535786,-0.731852250338143,1.74795343558748,-0.737299238214674,1.019505535786,-0.731852250338143,1.74795343558748,-0.737299238214674
"1269",0.946454804537924,-1.06223170119065,1.74795343558748,-0.453027462705279,0.946454804537924,-1.06223170119065,1.74795343558748,-0.453027462705279
"1270",0.817171533000641,-1.3489458723054,1.74795343558748,-0.453027462705279,0.817171533000641,-1.3489458723054,1.74795343558748,-0.453027462705279
"1271",0.63606484128818,-1.50801733691403,1.74795343558748,-0.453027462705279,0.63606484128818,-1.50801733691403,1.74795343558748,-0.453027462705279
"1272",0.426963109102076,-1.61909566781356,1.46699579495545,-0.453027462705279,0.426963109102076,-1.61909566781356,1.46699579495545,-0.453027462705279
"1273",0.190658146032822,-1.73720057773363,0.988608460906326,-0.453027462705279,0.190658146032822,-1.73720057773363,0.988608460906326,-0.453027462705279
"1274",-0.0875583854587186,-1.58913884812932,1.11010365685531,-0.431828804307882,-0.0875583854587186,-1.58913884812932,1.11010365685531,-0.431828804307882
"1275",-0.373534737190862,-1.40791641536393,1.74795343558748,0.0769389972296672,-0.373534737190862,-1.40791641536393,1.74795343558748,0.0769389972296672
"1276",-0.630329627870142,-1.59325037246516,1.74795343558748,0.0769389972296672,-0.630329627870142,-1.59325037246516,1.74795343558748,0.0769389972296672
"1277",-0.849225216654475,-2.11036466779513,1.74795343558748,0.0769389972296672,-0.849225216654475,-2.11036466779513,1.74795343558748,0.0769389972296672
"1278",-1.01782933843757,-2.66745935177278,1.74795343558748,0.0769389972296672,-1.01782933843757,-2.66745935177278,1.74795343558748,0.0769389972296672
"1279",-1.13392225249923,-3.11878360541112,1.45739688752373,0.0769389972296672,-1.13392225249923,-3.11878360541112,1.45739688752373,0.0769389972296672
"1280",-1.20848095837373,-0.77208760660035,0.133750390788892,0.206550538002367,-1.20848095837373,-0.77208760660035,0.133750390788892,0.206550538002367
"1281",-1.24749379641391,-0.169156640234872,0.133750390788892,0.427240458777505,-1.24749379641391,-0.169156640234872,0.133750390788892,0.427240458777505
"1282",-1.26405891881738,-0.169156640234872,0.133750390788892,0.427240458777505,-1.26405891881738,-0.169156640234872,0.133750390788892,0.427240458777505
"1283",-1.28257320387074,-0.169156640234872,0.133750390788892,0.427240458777505,-1.28257320387074,-0.169156640234872,0.133750390788892,0.427240458777505
"1284",-1.29343005190614,-0.169156640234872,0.133750390788892,0.427240458777505,-1.29343005190614,-0.169156640234872,0.133750390788892,0.427240458777505
"1285",-1.27659771532932,-0.169156640234872,0.122843080877397,0.427240458777505,-1.27659771532932,-0.169156640234872,0.122843080877397,0.427240458777505
"1286",-1.23869901721075,-0.169156640234872,-0.956980600360611,0.641337266743178,-1.23869901721075,-0.169156640234872,-0.956980600360611,0.641337266743178
"1287",-1.19580398332541,-0.169156640234872,-0.956980600360611,0.68518842018193,-1.19580398332541,-0.169156640234872,-0.956980600360611,0.68518842018193
"1288",-1.16051342664446,-1.34146631830294,-0.956980600360611,0.68518842018193,-1.16051342664446,-1.34146631830294,-0.956980600360611,0.68518842018193
"1289",-1.13872606985576,-2.73487511231026,-0.956980600360611,0.68518842018193,-1.13872606985576,-2.73487511231026,-0.956980600360611,0.68518842018193
"1290",-1.10512781210351,-1.90986399924074,-0.956980600360611,0.68518842018193,-1.10512781210351,-1.90986399924074,-0.956980600360611,0.68518842018193
"1291",-1.03778664903002,-1.27345425693808,-0.956980600360611,0.815838313821107,-1.03778664903002,-1.27345425693808,-0.956980600360611,0.815838313821107
"1292",-0.975042035508498,-0.861554596222236,-0.995659659645109,0.946488207460286,-0.975042035508498,-0.861554596222236,-0.995659659645109,0.946488207460286
"1293",-0.964342169330907,-0.753901990613204,-1.03136340667695,0.946488207460286,-0.964342169330907,-0.753901990613204,-1.03136340667695,0.946488207460286
"1294",-1.01603672637665,-1.16691058011709,-1.03136340667695,0.946488207460286,-1.01603672637665,-1.16691058011709,-1.03136340667695,0.946488207460286
"1295",-1.11995276473702,-1.90606923829476,-1.03136340667695,0.946488207460286,-1.11995276473702,-1.90606923829476,-1.03136340667695,0.946488207460286
"1296",-1.25890422113252,-2.6375125287506,-1.03136340667695,1.04699306286732,-1.25890422113252,-2.6375125287506,-1.03136340667695,1.04699306286732
"1297",-1.3475741297101,-2.76093071230917,-1.03136340667695,1.24209072336334,-1.3475741297101,-2.76093071230917,-1.03136340667695,1.24209072336334
"1298",-1.33590830758436,-0.169156640234872,-0.996920940215674,1.24209072336334,-1.33590830758436,-0.169156640234872,-0.996920940215674,1.24209072336334
"1299",-1.18680409266188,-0.169156640234872,-0.932956359644727,1.24209072336334,-1.18680409266188,-0.169156640234872,-0.932956359644727,1.24209072336334
"1300",-0.858425043552298,-0.169156640234872,-0.932956359644727,1.24209072336334,-0.858425043552298,-0.169156640234872,-0.932956359644727,1.24209072336334
"1301",-0.421807779766487,-0.169156640234872,-0.932956359644727,1.29831082743134,-0.421807779766487,-0.169156640234872,-0.932956359644727,1.29831082743134
"1302",0.0210381273698993,-0.169156640234872,-0.932956359644727,1.42344589777624,0.0210381273698993,-0.169156640234872,-0.932956359644727,1.42344589777624
"1303",0.41286518947927,-0.169156640234872,-0.70105856037063,1.42344589777624,0.41286518947927,-0.169156640234872,-0.70105856037063,1.42344589777624
"1304",0.727235074093344,-0.169156640234872,-0.250904008838559,1.42344589777624,0.727235074093344,-0.169156640234872,-0.250904008838559,1.42344589777624
"1305",0.967612767581324,-0.169156640234872,-0.250904008838559,1.42344589777624,0.967612767581324,-0.169156640234872,-0.250904008838559,1.42344589777624
"1306",1.14697213046108,-0.169156640234872,-0.250904008838559,1.46863136317459,1.14697213046108,-0.169156640234872,-0.250904008838559,1.46863136317459
"1307",1.278150742297,-0.169156640234872,0.0133347149418154,1.56037155049852,1.278150742297,-0.169156640234872,0.0133347149418154,1.56037155049852
"1308",1.36247233966701,-0.860255503083896,0.950181099254053,1.56037155049852,1.36247233966701,-0.860255503083896,0.950181099254053,1.56037155049852
"1309",1.39849596712243,-2.91652973721293,0.950181099254053,1.56037155049852,1.39849596712243,-2.91652973721293,0.950181099254053,1.56037155049852
"1310",1.39449146343421,-2.23169546319125,0.950181099254053,1.56037155049852,1.39449146343421,-2.23169546319125,0.950181099254053,1.56037155049852
"1311",1.35571047552249,-1.56559091651974,1.20818323041747,1.58189169891804,1.35571047552249,-1.56559091651974,1.20818323041747,1.58189169891804
"1312",1.27672143110702,-0.993118376637941,1.2610270404148,1.61285971737539,1.27672143110702,-0.993118376637941,1.2610270404148,1.61285971737539
"1313",1.14263460097451,-0.552256797679697,1.2610270404148,1.61285971737539,1.14263460097451,-0.552256797679697,1.2610270404148,1.61285971737539
"1314",0.945889238580968,-0.208876127257736,1.3053349624811,1.61285971737539,0.945889238580968,-0.208876127257736,1.3053349624811,1.61285971737539
"1315",0.708517747670053,0.100203659967823,1.63025972430071,1.61285971737539,0.708517747670053,0.100203659967823,1.63025972430071,1.61285971737539
"1316",0.430079802755985,0.316658253755911,1.63025972430071,1.63054594751869,0.430079802755985,0.316658253755911,1.63025972430071,1.63054594751869
"1317",0.11393015789243,0.408751568715742,1.63025972430071,1.64823217766198,0.11393015789243,0.408751568715742,1.63025972430071,1.64823217766198
"1318",-0.221661172538312,0.442027822079025,1.63025972430071,1.64823217766198,-0.221661172538312,0.442027822079025,1.63025972430071,1.64823217766198
"1319",-0.556513308177058,0.44484762352258,0.794428433968837,1.64823217766198,-0.556513308177058,0.44484762352258,0.794428433968837,1.64823217766198
"1320",-0.863705585484715,0.401557101828642,0.731516401363213,1.64823217766198,-0.863705585484715,0.401557101828642,0.731516401363213,1.64823217766198
"1321",-1.13883371455826,0.353542246400581,0.853488845470125,1.51877753086636,-1.13883371455826,0.353542246400581,0.853488845470125,1.51877753086636
"1322",-1.37701090191632,0.305115098732609,1.74795343558748,1.34000682814859,-1.37701090191632,0.305115098732609,1.74795343558748,1.34000682814859
"1323",-1.5835061314864,0.265757632928712,1.74795343558748,1.34000682814859,-1.5835061314864,0.265757632928712,1.74795343558748,1.34000682814859
"1324",-1.7736974150626,0.236458163844977,1.74795343558748,1.34000682814859,-1.7736974150626,0.236458163844977,1.74795343558748,1.34000682814859
"1325",-1.95011354061595,0.207394457160384,1.74795343558748,1.34000682814859,-1.95011354061595,0.207394457160384,1.74795343558748,1.34000682814859
"1326",-2.08442739066591,0.180763349432671,1.64874420548129,1.34000682814859,-2.08442739066591,0.180763349432671,1.64874420548129,1.34000682814859
"1327",-2.16470316879281,0.149695312005058,1.3936347566368,0.776546356725343,-2.16470316879281,0.149695312005058,1.3936347566368,0.776546356725343
"1328",-2.19919881074762,0.162248083183041,1.42245051808719,0.727549793992887,-2.19919881074762,0.162248083183041,1.42245051808719,0.727549793992887
"1329",-2.20677318538696,0.213078400382201,1.71380988386341,0.727549793992887,-2.20677318538696,0.213078400382201,1.71380988386341,0.727549793992887
"1330",-2.19147314699916,0.239228780776929,1.71380988386341,0.727549793992887,-2.19147314699916,0.239228780776929,1.71380988386341,0.727549793992887
"1331",-2.14645627042034,0.211885013813764,1.71380988386341,0.727549793992887,-2.14645627042034,0.211885013813764,1.71380988386341,0.727549793992887
"1332",-2.02053180686382,0.172256937433637,1.71380988386341,0.727549793992887,-2.02053180686382,0.172256937433637,1.71380988386341,0.727549793992887
"1333",-1.77198122384015,0.160611059700662,1.34602893556428,0.3715449511165,-1.77198122384015,0.160611059700662,1.34602893556428,0.3715449511165
"1334",-1.42279112434218,0.166544172059992,0.242686090666885,-0.641699601685523,-1.42279112434218,0.166544172059992,0.242686090666885,-0.641699601685523
"1335",-0.994136635913142,0.197434091392117,0.242686090666885,-0.641699601685523,-0.994136635913142,0.197434091392117,0.242686090666885,-0.641699601685523
"1336",-0.550669442885652,0.262095631391956,0.242686090666885,-0.641699601685523,-0.550669442885652,0.262095631391956,0.242686090666885,-0.641699601685523
"1337",-0.152633058269743,0.335033426596579,0.242686090666885,-0.641699601685523,-0.152633058269743,0.335033426596579,0.242686090666885,-0.641699601685523
"1338",0.19731219296731,0.390460293094979,0.242686090666885,-0.641699601685523,0.19731219296731,0.390460293094979,0.242686090666885,-0.641699601685523
"1339",0.489455861620962,0.368309465078341,-0.478440953069594,-0.641699601685523,0.489455861620962,0.368309465078341,-0.478440953069594,-0.641699601685523
"1340",0.712765745745411,0.193602053173593,-0.605698666670149,-0.641699601685523,0.712765745745411,0.193602053173593,-0.605698666670149,-0.641699601685523
"1341",0.872938302942503,-0.0979473258687376,-0.605698666670149,-1.18452851512307,0.872938302942503,-0.0979473258687376,-0.605698666670149,-1.18452851512307
"1342",0.975549580553919,-0.396657538168808,-0.605698666670149,-1.24484283883835,0.975549580553919,-0.396657538168808,-0.605698666670149,-1.24484283883835
"1343",1.01548895657025,-0.627499944610119,-0.605698666670149,-1.24484283883835,1.01548895657025,-0.627499944610119,-0.605698666670149,-1.24484283883835
"1344",1.002900822903,-0.779974359673165,-0.606230811059008,-1.24484283883835,1.002900822903,-0.779974359673165,-0.606230811059008,-1.24484283883835
"1345",0.957336493658517,-0.869315322630322,-0.623436812965459,-1.24484283883835,0.957336493658517,-0.869315322630322,-0.623436812965459,-1.24484283883835
"1346",0.898029696569266,-0.886891509920179,-0.623436812965459,-1.24484283883835,0.898029696569266,-0.886891509920179,-0.623436812965459,-1.24484283883835
"1347",0.826256124864378,-0.848406322951074,-0.623436812965459,-1.24484283883835,0.826256124864378,-0.848406322951074,-0.623436812965459,-1.24484283883835
"1348",0.717677811580815,-0.785650968895246,-0.623436812965459,-1.30570614884252,0.717677811580815,-0.785650968895246,-0.623436812965459,-1.30570614884252
"1349",0.566949869475207,-0.723558430904693,-0.623436812965459,-1.50946592581299,0.566949869475207,-0.723558430904693,-0.623436812965459,-1.50946592581299
"1350",0.367269205101916,-0.65150823652157,-0.5940965227883,-1.50946592581299,0.367269205101916,-0.65150823652157,-0.5940965227883,-1.50946592581299
"1351",0.0998030844960311,-0.612101114400992,-0.563558669746766,-1.50946592581299,0.0998030844960311,-0.612101114400992,-0.563558669746766,-1.50946592581299
"1352",-0.197592058570213,-0.667935181381526,-0.563558669746766,-1.50946592581299,-0.197592058570213,-0.667935181381526,-0.563558669746766,-1.50946592581299
"1353",-0.490417477006355,-0.738665395952368,-0.563558669746766,-1.50946592581299,-0.490417477006355,-0.738665395952368,-0.563558669746766,-1.50946592581299
"1354",-0.768817642770026,-0.753991540151376,-0.563558669746766,-1.50946592581299,-0.768817642770026,-0.753991540151376,-0.563558669746766,-1.50946592581299
"1355",-1.02644177717512,-0.696666428982564,-0.563558669746766,-1.50946592581299,-1.02644177717512,-0.696666428982564,-0.563558669746766,-1.50946592581299
"1356",-1.26521187293461,-0.550105366521599,-0.646550347422532,-1.32698468053734,-1.26521187293461,-0.550105366521599,-0.646550347422532,-1.32698468053734
"1357",-1.46735249477204,-0.351775795455808,-0.747984620137357,-1.28418043781836,-1.46735249477204,-0.351775795455808,-0.747984620137357,-1.28418043781836
"1358",-1.63803360728924,-0.19800989573869,-0.747984620137357,-1.28418043781836,-1.63803360728924,-0.19800989573869,-0.747984620137357,-1.28418043781836
"1359",-1.80369733812027,-0.114994250629907,-0.747984620137357,-1.28418043781836,-1.80369733812027,-0.114994250629907,-0.747984620137357,-1.28418043781836
"1360",-1.97280630320763,-0.0719831916965939,-0.747984620137357,-1.28418043781836,-1.97280630320763,-0.0719831916965939,-0.747984620137357,-1.28418043781836
"1361",-2.11062619642038,-0.0458709761285154,-0.747984620137357,-1.28418043781836,-2.11062619642038,-0.0458709761285154,-0.747984620137357,-1.28418043781836
"1362",-2.19446615274971,-0.0164726615451592,-0.808128803818554,-1.28418043781836,-2.19446615274971,-0.0164726615451592,-0.808128803818554,-1.28418043781836
"1363",-2.22691835668618,0.0463411776550566,-0.878732845531264,-1.12727690447123,-2.22691835668618,0.0463411776550566,-0.878732845531264,-1.12727690447123
"1364",-2.21380269497368,0.127298444646971,-0.878732845531264,-1.05678401267759,-2.21380269497368,0.127298444646971,-0.878732845531264,-1.05678401267759
"1365",-2.13924916432526,0.22068375810799,-0.878732845531264,-1.05678401267759,-2.13924916432526,0.22068375810799,-0.878732845531264,-1.05678401267759
"1366",-1.99847128439178,0.310602285222667,-0.878732845531264,-1.05678401267759,-1.99847128439178,0.310602285222667,-0.878732845531264,-1.05678401267759
"1367",-1.75689311096039,0.386103850538675,-0.878732845531264,-1.05678401267759,-1.75689311096039,0.386103850538675,-0.878732845531264,-1.05678401267759
"1368",-1.41870588712709,0.448786434500311,-0.882233511540743,-1.05678401267759,-1.41870588712709,0.448786434500311,-0.882233511540743,-1.05678401267759
"1369",-1.01329903177946,0.484093771355968,-0.888734748415489,-1.05678401267759,-1.01329903177946,0.484093771355968,-0.888734748415489,-1.05678401267759
"1370",-0.592080394438307,0.489032028986836,-0.888734748415489,-1.00600684593619,-0.592080394438307,0.489032028986836,-0.888734748415489,-1.00600684593619
"1371",-0.210410834813169,0.489650700913575,-0.888734748415489,-0.97984891155426,-0.210410834813169,0.489650700913575,-0.888734748415489,-0.97984891155426
"1372",0.105589159762857,0.503832334747479,-0.888734748415489,-0.97984891155426,0.105589159762857,0.503832334747479,-0.888734748415489,-0.97984891155426
"1373",0.377848143496732,0.52199418162259,-0.888734748415489,-0.97984891155426,0.377848143496732,0.52199418162259,-0.888734748415489,-0.97984891155426
"1374",0.613135570864565,0.530253979705675,-0.85576807034044,-0.97984891155426,0.613135570864565,0.530253979705675,-0.85576807034044,-0.97984891155426
"1375",0.799830644207534,0.514354526937528,-0.785713879430958,-0.97984891155426,0.799830644207534,0.514354526937528,-0.785713879430958,-0.97984891155426
"1376",0.931893615927042,0.475708491807344,-0.785713879430958,-0.97984891155426,0.931893615927042,0.475708491807344,-0.785713879430958,-0.97984891155426
"1377",0.996938876203169,0.434570587791207,-0.785713879430958,-0.692051728379931,0.996938876203169,0.434570587791207,-0.785713879430958,-0.692051728379931
"1378",0.984556889041504,0.390205097932206,-0.785713879430958,-0.680060179081001,0.984556889041504,0.390205097932206,-0.785713879430958,-0.680060179081001
"1379",0.897223741360816,0.324792313449899,-0.785713879430958,-0.680060179081001,0.897223741360816,0.324792313449899,-0.785713879430958,-0.680060179081001
"1380",0.749819933221224,0.238590629373186,-0.720818284168948,-0.680060179081001,0.749819933221224,0.238590629373186,-0.720818284168948,-0.680060179081001
"1381",0.564372951901615,0.162665700747601,-0.669828887891654,-0.680060179081001,0.564372951901615,0.162665700747601,-0.669828887891654,-0.680060179081001
"1382",0.341141386198535,0.123765792443131,-0.669828887891654,-0.680060179081001,0.341141386198535,0.123765792443131,-0.669828887891654,-0.680060179081001
"1383",0.0556105351782541,0.11781404144753,-0.669828887891654,-0.518256846829739,0.0556105351782541,0.11781404144753,-0.669828887891654,-0.518256846829739
"1384",-0.289065473369993,0.11446838288026,-0.669828887891654,-0.391125657203747,-0.289065473369993,0.11446838288026,-0.669828887891654,-0.391125657203747
"1385",-0.627899686717269,0.0907436878630418,-0.669828887891654,-0.391125657203747,-0.627899686717269,0.0907436878630418,-0.669828887891654,-0.391125657203747
"1386",-0.940014466566261,0.0511483575581669,-0.720630113851361,-0.391125657203747,-0.940014466566261,0.0511483575581669,-0.720630113851361,-0.391125657203747
"1387",-1.23797310549903,0.021297764086659,-0.747984620137357,-0.391125657203747,-1.23797310549903,0.021297764086659,-0.747984620137357,-0.391125657203747
"1388",-1.51911898746032,0.0544399220382158,-0.747984620137357,-0.391125657203747,-1.51911898746032,0.0544399220382158,-0.747984620137357,-0.391125657203747
"1389",-1.78031178526379,0.126632732352502,-0.747984620137357,-0.369261055189099,-1.78031178526379,0.126632732352502,-0.747984620137357,-0.369261055189099
"1390",-1.99840262639243,0.181345024367112,-0.747984620137357,-0.296062170183537,-1.99840262639243,0.181345024367112,-0.747984620137357,-0.296062170183537
"1391",-2.1463587174087,0.188230528997836,-0.747984620137357,-0.296062170183537,-2.1463587174087,0.188230528997836,-0.747984620137357,-0.296062170183537
"1392",-2.21938555636303,0.151828104526886,-0.784483442291876,-0.296062170183537,-2.21938555636303,0.151828104526886,-0.784483442291876,-0.296062170183537
"1393",-2.23268562863158,0.0827378096676172,-0.806853688128517,-0.296062170183537,-2.23268562863158,0.0827378096676172,-0.806853688128517,-0.296062170183537
"1394",-2.14211080558711,-0.00966694335741836,-0.806853688128517,-0.296062170183537,-2.14211080558711,-0.00966694335741836,-0.806853688128517,-0.296062170183537
"1395",-1.94872666627984,-0.104048839941741,-0.806853688128517,-0.296062170183537,-1.94872666627984,-0.104048839941741,-0.806853688128517,-0.296062170183537
"1396",-1.78044107966207,-0.17755574418317,-0.806853688128517,-0.26570803506922,-1.78044107966207,-0.17755574418317,-0.806853688128517,-0.26570803506922
"1397",-1.68159495153259,-0.22306765031294,-0.806853688128517,-0.2637705370832,-1.68159495153259,-0.22306765031294,-0.806853688128517,-0.2637705370832
"1398",-1.62480892081395,-0.251207132890728,-0.831659422703007,-0.2637705370832,-1.62480892081395,-0.251207132890728,-0.831659422703007,-0.2637705370832
"1399",-1.52563597715742,-0.279979534974358,-0.858532301825372,-0.2637705370832,-1.52563597715742,-0.279979534974358,-0.858532301825372,-0.2637705370832
"1400",-1.34118574438113,-0.303582681792137,-0.858532301825372,-0.2637705370832,-1.34118574438113,-0.303582681792137,-0.858532301825372,-0.2637705370832
"1401",-1.05638408271576,-0.317257368076166,-0.858532301825372,-0.2637705370832,-1.05638408271576,-0.317257368076166,-0.858532301825372,-0.2637705370832
"1402",-0.689363345529818,-0.31736976045428,-0.858532301825372,-0.233729262822263,-0.689363345529818,-0.31736976045428,-0.858532301825372,-0.233729262822263
"1403",-0.292703226036557,-0.302995354539427,-0.858532301825372,-0.220232458444161,-0.292703226036557,-0.302995354539427,-0.858532301825372,-0.220232458444161
"1404",0.0815193557646139,-0.285114409196864,-0.819649079332887,-0.220232458444161,0.0815193557646139,-0.285114409196864,-0.819649079332887,-0.220232458444161
"1405",0.405323418764241,-0.28557617089996,-0.753442511305145,-0.220232458444161,0.405323418764241,-0.28557617089996,-0.753442511305145,-0.220232458444161
"1406",0.669168002411953,-0.302929862388922,-0.753442511305145,-0.220232458444161,0.669168002411953,-0.302929862388922,-0.753442511305145,-0.220232458444161
"1407",0.862854633683702,-0.306991169847588,-0.753442511305145,-0.220232458444161,0.862854633683702,-0.306991169847588,-0.753442511305145,-0.220232458444161
"1408",0.96518067008425,-0.27799930833238,-0.753442511305145,-0.249047748905124,0.96518067008425,-0.27799930833238,-0.753442511305145,-0.249047748905124
"1409",0.980163467113252,-0.233732313622693,-0.753442511305145,-0.296062170183537,0.980163467113252,-0.233732313622693,-0.753442511305145,-0.296062170183537
"1410",0.930440498697082,-0.177239214360188,-0.593940084396107,-0.296062170183537,0.930440498697082,-0.177239214360188,-0.593940084396107,-0.296062170183537
"1411",0.824405464017579,-0.0980727512782283,-0.563558669746766,-0.296062170183537,0.824405464017579,-0.0980727512782283,-0.563558669746766,-0.296062170183537
"1412",0.66033156263883,0.0117965907859116,-0.563558669746766,-0.296062170183537,0.66033156263883,0.0117965907859116,-0.563558669746766,-0.296062170183537
"1413",0.447787097555673,0.171763690916389,-0.563558669746766,-0.296062170183537,0.447787097555673,0.171763690916389,-0.563558669746766,-0.296062170183537
"1414",0.195316884551528,0.302201398735752,-0.563558669746766,-0.276873181001616,0.195316884551528,0.302201398735752,-0.563558669746766,-0.276873181001616
"1415",-0.0745790046996948,0.371935964450772,-0.544988195048369,-0.176130987796527,-0.0745790046996948,0.371935964450772,-0.544988195048369,-0.176130987796527
"1416",-0.353184626938808,0.398531943721154,-0.520371519285376,-0.176130987796527,-0.353184626938808,0.398531943721154,-0.520371519285376,-0.176130987796527
"1417",-0.616755182365496,0.395863348798262,-0.520371519285376,-0.176130987796527,-0.616755182365496,0.395863348798262,-0.520371519285376,-0.176130987796527
"1418",-0.8410361114104,0.386233433438462,-0.520371519285376,-0.176130987796527,-0.8410361114104,0.386233433438462,-0.520371519285376,-0.176130987796527
"1419",-1.02490973774742,0.389758845069315,-0.520371519285376,-0.176130987796527,-1.02490973774742,0.389758845069315,-0.520371519285376,-0.176130987796527
"1420",-1.13172657658032,0.402523367972147,-0.520371519285376,-0.164345112238456,-1.13172657658032,0.402523367972147,-0.520371519285376,-0.164345112238456
"1421",-1.15256557318956,0.410460063660512,-0.642853578114117,-0.0288075433206452,-1.15256557318956,0.410460063660512,-0.642853578114117,-0.0288075433206452
"1422",-1.13292472767199,0.411453470274376,-0.731547482783206,-0.0288075433206452,-1.13292472767199,0.411453470274376,-0.731547482783206,-0.0288075433206452
"1423",-1.1258312177894,0.407638622577526,-0.731547482783206,-0.0288075433206452,-1.1258312177894,0.407638622577526,-0.731547482783206,-0.0288075433206452
"1424",-1.14989472526258,0.395054646865636,-0.731547482783206,-0.0288075433206452,-1.14989472526258,0.395054646865636,-0.731547482783206,-0.0288075433206452
"1425",-1.20836779343008,0.338815808498422,-0.731547482783206,-0.0288075433206452,-1.20836779343008,0.338815808498422,-0.731547482783206,-0.0288075433206452
"1426",-1.30906475491389,0.227023416962217,-0.731547482783206,-0.0288075433206452,-1.30906475491389,0.227023416962217,-0.731547482783206,-0.0288075433206452
"1427",-1.40050151186226,0.135315814332427,-0.727627320720017,-0.0729660663235817,-1.40050151186226,0.135315814332427,-0.727627320720017,-0.0729660663235817
"1428",-1.40728424941864,0.100045815476698,-0.72602612776463,-0.0748060047820377,-1.40728424941864,0.100045815476698,-0.72602612776463,-0.0748060047820377
"1429",-1.32382941616355,0.106918660783038,-0.72602612776463,-0.0748060047820377,-1.32382941616355,0.106918660783038,-0.72602612776463,-0.0748060047820377
"1430",-1.14701272811148,0.123822595906051,-0.72602612776463,-0.0748060047820377,-1.14701272811148,0.123822595906051,-0.72602612776463,-0.0748060047820377
"1431",-0.865819147816463,0.0310530581425753,-0.72602612776463,-0.0748060047820377,-0.865819147816463,0.0310530581425753,-0.72602612776463,-0.0748060047820377
"1432",-0.518258554504069,-0.296386720077065,-0.72602612776463,-0.0278724552172632,-0.518258554504069,-0.296386720077065,-0.72602612776463,-0.0278724552172632
"1433",-0.166744433480361,-0.752531980777249,-0.812155140904112,0.26043363496635,-0.166744433480361,-0.752531980777249,-0.812155140904112,0.26043363496635
"1434",0.143248589928921,-1.20776908677132,-0.858532301825372,0.26043363496635,0.143248589928921,-1.20776908677132,-0.858532301825372,0.26043363496635
"1435",0.386942482036258,-1.5054374039752,-0.858532301825372,0.26043363496635,0.386942482036258,-1.5054374039752,-0.858532301825372,0.26043363496635
"1436",0.541447907912634,-1.45946242816786,-0.858532301825372,0.26043363496635,0.541447907912634,-1.45946242816786,-0.858532301825372,0.26043363496635
"1437",0.524791529022593,-1.21030118521506,-0.858532301825372,2.00142191469693,0.524791529022593,-1.21030118521506,-0.858532301825372,2.00142191469693
"1438",0.342536195881309,-1.04702533008286,-0.132940195402835,2.74755974886718,0.342536195881309,-1.04702533008286,-0.132940195402835,2.74755974886718
"1439",0.0224357834270186,-1.14662478356187,0.00526782486812358,2.74755974886718,0.0224357834270186,-1.14662478356187,0.00526782486812358,2.74755974886718
"1440",-0.316856523682251,-1.34234373100204,0.00526782486812358,2.74755974886718,-0.316856523682251,-1.34234373100204,0.00526782486812358,2.74755974886718
"1441",-0.561132801231311,-1.51553309838827,0.00526782486812358,2.74755974886718,-0.561132801231311,-1.51553309838827,0.00526782486812358,2.74755974886718
"1442",-0.77086798108981,-1.62204529039511,0.0399581176667311,2.74755974886718,-0.77086798108981,-1.62204529039511,0.0399581176667311,2.74755974886718
"1443",-0.986834823180766,-1.66870727979551,0.133750390788892,2.67881708070329,-0.986834823180766,-1.66870727979551,0.133750390788892,2.67881708070329
"1444",-1.17399566687108,-1.59516006191223,0.133750390788892,-0.689573659327434,-1.17399566687108,-1.59516006191223,0.133750390788892,-0.689573659327434
"1445",-1.28952844896318,-1.25796526991691,0.133750390788892,-0.689573659327434,-1.28952844896318,-1.25796526991691,0.133750390788892,-0.689573659327434
"1446",-1.26239767124517,-0.786233905090789,0.859352587963704,-0.689573659327434,-1.26239767124517,-0.786233905090789,0.859352587963704,-0.689573659327434
"1447",-1.08599146487514,-0.403912218595139,1.36358462328857,-0.689573659327434,-1.08599146487514,-0.403912218595139,1.36358462328857,-0.689573659327434
"1448",-0.801270622990407,-0.223493863138337,1.36358462328857,-0.689573659327434,-0.801270622990407,-0.223493863138337,1.36358462328857,-0.689573659327434
"1449",-0.497550663622236,-0.250529975819601,1.36358462328857,0.356751845910516,-0.497550663622236,-0.250529975819601,1.36358462328857,0.356751845910516
"1450",-0.252171890410248,-0.412130736069521,1.3386357142667,0.87210619923667,-0.252171890410248,-0.412130736069521,1.3386357142667,0.87210619923667
"1451",-0.0981006660021235,-0.628677635484854,1.33388354111968,0.87210619923667,-0.0981006660021235,-0.628677635484854,1.33388354111968,0.87210619923667
"1452",-0.0250238861161072,-0.8281904563169,1.33388354111968,0.87210619923667,-0.0250238861161072,-0.8281904563169,1.33388354111968,0.87210619923667
"1453",-0.0185248372027641,-1.0029147317497,1.33388354111968,0.87210619923667,-0.0185248372027641,-1.0029147317497,1.33388354111968,0.87210619923667
"1454",-0.0832464733412513,-1.12910988421885,0.963295269380933,0.961035131753146,-0.0832464733412513,-1.12910988421885,0.963295269380933,0.961035131753146
"1455",-0.217647180935612,-1.10138979431383,0.754839366527887,1.08384175284733,-0.217647180935612,-1.10138979431383,0.754839366527887,1.08384175284733
"1456",-0.380444354040016,-0.910851033069057,0.754839366527887,1.08384175284733,-0.380444354040016,-0.910851033069057,0.754839366527887,1.08384175284733
"1457",-0.53510771056565,-0.609178538863054,1.53160548556966,1.08384175284733,-0.53510771056565,-0.609178538863054,1.53160548556966,1.08384175284733
"1458",-0.671653290609553,-0.290563197293401,1.71380988386341,1.08384175284733,-0.671653290609553,-0.290563197293401,1.71380988386341,1.08384175284733
"1459",-0.781492288966608,-0.0395114173769175,1.71380988386341,1.10456744721928,-0.781492288966608,-0.0395114173769175,1.71380988386341,1.10456744721928
"1460",-0.856918880255,0.156960549653937,1.71380988386341,1.17804945453802,-0.856918880255,0.156960549653937,1.71380988386341,1.17804945453802
"1461",-0.888080641568008,0.342441252148598,1.73873467662198,1.17804945453802,-0.888080641568008,0.342441252148598,1.73873467662198,1.17804945453802
"1462",-0.860283467238221,0.542237408279982,1.74795343558748,1.17804945453802,-0.860283467238221,0.542237408279982,1.74795343558748,1.17804945453802
"1463",-0.702424667368468,0.729919179564073,1.74795343558748,1.17804945453802,-0.702424667368468,0.729919179564073,1.74795343558748,1.17804945453802
"1464",-0.369728444661572,0.859847875569559,1.74795343558748,1.17964335471424,-0.369728444661572,0.859847875569559,1.74795343558748,1.17964335471424
"1465",0.0515146024959283,0.922633231943898,0.779932338491044,1.20992745806243,0.0515146024959283,0.922633231943898,0.779932338491044,1.20992745806243
"1466",0.480656165953019,0.925051013633389,0.552865661394351,1.20992745806243,0.480656165953019,0.925051013633389,0.552865661394351,1.20992745806243
"1467",0.844891941476884,0.868053504683884,0.552865661394351,1.20992745806243,0.844891941476884,0.868053504683884,0.552865661394351,1.20992745806243
"1468",1.07975534532109,0.784503168625348,1.26435889258118,1.20992745806243,1.07975534532109,0.784503168625348,1.26435889258118,1.20992745806243
"1469",1.19573776830591,0.721857534942634,1.50152330297679,1.20992745806243,1.19573776830591,0.721857534942634,1.50152330297679,1.20992745806243
"1470",1.23164055423233,0.691196174807365,1.50152330297679,1.26995010161123,1.23164055423233,0.691196174807365,1.50152330297679,1.26995010161123
"1471",1.21098933207609,0.649612031942349,1.50152330297679,1.27446793499663,1.21098933207609,0.649612031942349,1.50152330297679,1.27446793499663
"1472",1.15282099847103,0.607591651561852,1.29245180077109,1.27446793499663,1.15282099847103,0.607591651561852,1.29245180077109,1.27446793499663
"1473",1.07180818189633,0.563150672890286,0.754839366527887,1.27446793499663,1.07180818189633,0.563150672890286,0.754839366527887,1.27446793499663
"1474",0.98053478958461,0.511610270362587,0.754839366527887,1.27446793499663,0.98053478958461,0.511610270362587,0.754839366527887,1.27446793499663
"1475",0.895826257811233,0.503341900375353,0.754839366527887,1.21488673404696,0.895826257811233,0.503341900375353,0.754839366527887,1.21488673404696
"1476",0.826437257777236,0.541530335964074,0.754839366527887,1.19395279857816,0.826437257777236,0.541530335964074,0.754839366527887,1.19395279857816
"1477",0.779520296942541,0.577534790515616,0.374711208738652,1.19395279857816,0.779520296942541,0.577534790515616,0.374711208738652,1.19395279857816
"1478",0.739634225754846,0.572463969671692,-0.301072182886654,1.19395279857816,0.739634225754846,0.572463969671692,-0.301072182886654,1.19395279857816
"1479",0.671568444776161,0.565917702235107,-0.301072182886654,1.19395279857816,0.671568444776161,0.565917702235107,-0.301072182886654,1.19395279857816
"1480",0.540561219177309,0.534934192657949,-0.301072182886654,1.19395279857816,0.540561219177309,0.534934192657949,-0.301072182886654,1.19395279857816
"1481",0.32439996109322,0.403678281405666,-0.301072182886654,1.19395279857816,0.32439996109322,0.403678281405666,-0.301072182886654,1.19395279857816
"1482",0.0605190646091683,0.220203497908746,-0.301072182886654,1.19395279857816,0.0605190646091683,0.220203497908746,-0.301072182886654,1.19395279857816
"1483",-0.189416495167718,0.0587022838590585,-0.439458917361433,1.19395279857816,-0.189416495167718,0.0587022838590585,-0.439458917361433,1.19395279857816
"1484",-0.420215276447394,-0.00838648305963633,-0.443738919458591,1.19395279857816,-0.420215276447394,-0.00838648305963633,-0.443738919458591,1.19395279857816
"1485",-0.622277148594622,-0.024290798690028,-0.443738919458591,1.15499887668755,-0.622277148594622,-0.024290798690028,-0.443738919458591,1.15499887668755
"1486",-0.781981951607701,-0.0812608415022157,-0.443738919458591,1.06829498602782,-0.781981951607701,-0.0812608415022157,-0.443738919458591,1.06829498602782
"1487",-0.90246561373081,-0.176247302574295,-0.443738919458591,1.06829498602782,-0.90246561373081,-0.176247302574295,-0.443738919458591,1.06829498602782
"1488",-0.983954896120093,-0.24705309938445,-0.499666120646463,1.06829498602782,-0.983954896120093,-0.24705309938445,-0.499666120646463,1.06829498602782
"1489",-1.03465425719033,-0.289813354212157,-0.686900663753687,1.06829498602782,-1.03465425719033,-0.289813354212157,-0.686900663753687,1.06829498602782
"1490",-1.06726309796954,-0.32231792132046,-0.686900663753687,1.06829498602782,-1.06726309796954,-0.32231792132046,-0.686900663753687,1.06829498602782
"1491",-1.0920777032547,-0.352962128304755,-0.686900663753687,0.911697681197765,-1.0920777032547,-0.352962128304755,-0.686900663753687,0.911697681197765
"1492",-1.10398796855903,-0.344635002235563,-0.686900663753687,0.901702108549039,-1.10398796855903,-0.344635002235563,-0.686900663753687,0.901702108549039
"1493",-1.06804999109526,-0.293649596634351,-0.686900663753687,0.901702108549039,-1.06804999109526,-0.293649596634351,-0.686900663753687,0.901702108549039
"1494",-0.949172115371518,-0.319668992728069,-0.69384443405998,0.901702108549039,-0.949172115371518,-0.319668992728069,-0.69384443405998,0.901702108549039
"1495",-0.740555301869265,-0.435661383730678,-0.918359673963434,0.901702108549039,-0.740555301869265,-0.435661383730678,-0.918359673963434,0.901702108549039
"1496",-0.472691292631468,-0.507738765297533,-0.918359673963434,0.829719865020271,-0.472691292631468,-0.507738765297533,-0.918359673963434,0.829719865020271
"1497",-0.184856862228475,-0.531753783934857,-0.918359673963434,0.741741567373998,-0.184856862228475,-0.531753783934857,-0.918359673963434,0.741741567373998
"1498",0.0813929077406855,-0.585836052672819,-0.918359673963434,0.741741567373998,0.0813929077406855,-0.585836052672819,-0.918359673963434,0.741741567373998
"1499",0.274321282137704,-0.694486549379631,-0.918359673963434,0.741741567373998,0.274321282137704,-0.694486549379631,-0.918359673963434,0.741741567373998
"1500",0.349225348099385,-0.833014359607942,-0.918359673963434,0.741741567373998,0.349225348099385,-0.833014359607942,-0.918359673963434,0.741741567373998
"1501",0.302312958714394,-0.960796131828797,-0.955720208283956,0.741741567373998,0.302312958714394,-0.960796131828797,-0.955720208283956,0.741741567373998
"1502",0.166301634509654,-1.07330277085517,-0.980627231164304,0.537649603064788,0.166301634509654,-1.07330277085517,-0.980627231164304,0.537649603064788
"1503",-0.0311360006260782,-1.16989182765291,-0.980627231164304,0.480085202875011,-0.0311360006260782,-1.16989182765291,-0.980627231164304,0.480085202875011
"1504",-0.291618498649842,-1.24154238912051,-0.980627231164304,0.480085202875011,-0.291618498649842,-1.24154238912051,-0.980627231164304,0.480085202875011
"1505",-0.584301770876275,-1.25052368928076,-0.980627231164304,0.480085202875011,-0.584301770876275,-1.25052368928076,-0.980627231164304,0.480085202875011
"1506",-0.848632825775661,-1.11816167072823,-0.980627231164304,0.480085202875011,-0.848632825775661,-1.11816167072823,-0.980627231164304,0.480085202875011
"1507",-1.05260901405049,-0.87619508151603,-0.980627231164304,0.476548670000794,-1.05260901405049,-0.87619508151603,-0.980627231164304,0.476548670000794
"1508",-1.20457461147353,-0.602933054171037,-1.06266206436174,0.362200773734422,-1.20457461147353,-0.602933054171037,-1.06266206436174,0.362200773734422
"1509",-1.30274166368732,-0.347969636446543,-1.07601657209155,0.362200773734422,-1.30274166368732,-0.347969636446543,-1.07601657209155,0.362200773734422
"1510",-1.31431821316315,-0.135614001096653,-1.07601657209155,0.362200773734422,-1.31431821316315,-0.135614001096653,-1.07601657209155,0.362200773734422
"1511",-1.21834399049392,0.0746659721879466,-1.07601657209155,0.362200773734422,-1.21834399049392,0.0746659721879466,-1.07601657209155,0.362200773734422
"1512",-0.998361172963597,0.267231720162188,-1.07601657209155,0.362200773734422,-0.998361172963597,0.267231720162188,-1.07601657209155,0.362200773734422
"1513",-0.65375157981673,0.415818456706806,-1.07601657209155,0.387212526298359,-0.65375157981673,0.415818456706806,-1.07601657209155,0.387212526298359
"1514",-0.245169895775536,0.507624353618401,-1.05678569256185,0.440362500496725,-0.245169895775536,0.507624353618401,-1.05678569256185,0.440362500496725
"1515",0.168015238119059,0.545534788575108,-1.04040383222174,0.440362500496725,0.168015238119059,0.545534788575108,-1.04040383222174,0.440362500496725
"1516",0.538836661339366,0.528248233547419,-1.04040383222174,0.440362500496725,0.538836661339366,0.528248233547419,-1.04040383222174,0.440362500496725
"1517",0.843265454173188,0.465502768712891,-1.04040383222174,0.440362500496725,0.843265454173188,0.465502768712891,-1.04040383222174,0.440362500496725
"1518",1.07237133274779,0.395100659539136,-1.04040383222174,0.440362500496725,1.07237133274779,0.395100659539136,-1.04040383222174,0.440362500496725
"1519",1.2069275558859,0.335521207649056,-1.04040383222174,0.366454026822108,1.2069275558859,0.335521207649056,-1.04040383222174,0.366454026822108
"1520",1.22994152750972,0.281828528451187,-1.03688891857776,0.29823082035323,1.22994152750972,0.281828528451187,-1.03688891857776,0.29823082035323
"1521",1.1604052922937,0.207616999674654,-0.923240044089049,0.29823082035323,1.1604052922937,0.207616999674654,-0.923240044089049,0.29823082035323
"1522",1.02115048139605,0.0976834267211098,-0.923240044089049,0.29823082035323,1.02115048139605,0.0976834267211098,-0.923240044089049,0.29823082035323
"1523",0.828777495011361,-0.0199025443259535,-0.923240044089049,0.29823082035323,0.828777495011361,-0.0199025443259535,-0.923240044089049,0.29823082035323
"1524",0.59189299287473,-0.111139509711565,-0.923240044089049,0.29823082035323,0.59189299287473,-0.111139509711565,-0.923240044089049,0.29823082035323
"1525",0.326521803786698,-0.170619135121168,-0.923240044089049,0.26449718897266,0.326521803786698,-0.170619135121168,-0.923240044089049,0.26449718897266
"1526",0.03488875743977,-0.197699765647961,-0.92304444850092,0.247882116800141,0.03488875743977,-0.197699765647961,-0.92304444850092,0.247882116800141
"1527",-0.291413214681936,-0.199304837182447,-0.913460264682583,0.247882116800141,-0.291413214681936,-0.199304837182447,-0.913460264682583,0.247882116800141
"1528",-0.608352512791784,-0.201540118847076,-0.913460264682583,0.247882116800141,-0.608352512791784,-0.201540118847076,-0.913460264682583,0.247882116800141
"1529",-0.888580223392424,-0.222481771174828,-0.913460264682583,0.247882116800141,-0.888580223392424,-0.222481771174828,-0.913460264682583,0.247882116800141
"1530",-1.14503812060002,-0.257104696372359,-0.913460264682583,0.247882116800141,-1.14503812060002,-0.257104696372359,-0.913460264682583,0.247882116800141
"1531",-1.38403152736493,-0.284477238773977,-0.913460264682583,0.268717636956049,-1.38403152736493,-0.284477238773977,-0.913460264682583,0.268717636956049
"1532",-1.57311919397921,-0.320979256158534,-0.913460264682583,0.27298515313256,-1.57311919397921,-0.320979256158534,-0.913460264682583,0.27298515313256
"1533",-1.6531530302868,-0.349351184485903,-0.947192697581243,0.27298515313256,-1.6531530302868,-0.349351184485903,-0.947192697581243,0.27298515313256
"1534",-1.57652268141181,-0.379107089948086,-0.975927733013436,0.27298515313256,-1.57652268141181,-0.379107089948086,-0.975927733013436,0.27298515313256
"1535",-1.3213227954109,-0.428023046362766,-0.975927733013436,0.27298515313256,-1.3213227954109,-0.428023046362766,-0.975927733013436,0.27298515313256
"1536",-0.912483730125911,-0.478659549772736,-0.975927733013436,0.273111381468662,-0.912483730125911,-0.478659549772736,-0.975927733013436,0.273111381468662
"1537",-0.481485813073329,-0.514772257897444,-0.975927733013436,0.285607986742895,-0.481485813073329,-0.514772257897444,-0.975927733013436,0.285607986742895
"1538",-0.126799882237943,-0.533520063323403,-0.975927733013436,0.285607986742895,-0.126799882237943,-0.533520063323403,-0.975927733013436,0.285607986742895
"1539",0.09799442923426,-0.540274490226369,-0.977149602532662,0.285607986742895,0.09799442923426,-0.540274490226369,-0.977149602532662,0.285607986742895
"1540",0.188804725065445,-0.546329010645016,-0.980627231164304,0.285607986742895,0.188804725065445,-0.546329010645016,-0.980627231164304,0.285607986742895
"1541",0.190749833788235,-0.554930904780735,-0.980627231164304,0.285607986742895,0.190749833788235,-0.554930904780735,-0.980627231164304,0.285607986742895
"1542",0.159868138460013,-0.534007750949132,-0.980627231164304,0.31793670387418,0.159868138460013,-0.534007750949132,-0.980627231164304,0.31793670387418
"1543",0.115736398048696,-0.434184446981381,-0.980627231164304,0.401067690783195,0.115736398048696,-0.434184446981381,-0.980627231164304,0.401067690783195
"1544",0.0646751161678101,-0.330566241927525,-0.980627231164304,0.401067690783195,0.0646751161678101,-0.330566241927525,-0.980627231164304,0.401067690783195
"1545",0.0255152154531392,-0.430421217562924,-0.980627231164304,0.401067690783195,0.0255152154531392,-0.430421217562924,-0.980627231164304,0.401067690783195
"1546",0.00922731266011303,-0.600858793506971,-1.04682443827406,0.401067690783195,0.00922731266011303,-0.600858793506971,-1.04682443827406,0.401067690783195
"1547",0.0138840673421549,-0.680635566821703,-1.08914724281963,0.401067690783195,0.0138840673421549,-0.680635566821703,-1.08914724281963,0.401067690783195
"1548",0.0316673517114754,-0.72652370246657,-1.08914724281963,0.468754605112243,0.0316673517114754,-0.72652370246657,-1.08914724281963,0.468754605112243
"1549",0.0486628804173994,-0.808313355071785,-1.08914724281963,0.506828494422332,0.0486628804173994,-0.808313355071785,-1.08914724281963,0.506828494422332
"1550",0.0382797380760066,-0.925066987218922,-1.08914724281963,0.506828494422332,0.0382797380760066,-0.925066987218922,-1.08914724281963,0.506828494422332
"1551",0.00679254129623046,-1.01180914503411,-1.08914724281963,0.506828494422332,0.00679254129623046,-1.01180914503411,-1.08914724281963,0.506828494422332
"1552",-0.0243184165474099,-1.01034626901042,-1.08914724281963,0.506828494422332,-0.0243184165474099,-1.01034626901042,-1.08914724281963,0.506828494422332
"1553",-0.0365642090093588,-1.01221377628067,-1.11739214693219,0.551625290650198,-0.0365642090093588,-1.01221377628067,-1.11739214693219,0.551625290650198
"1554",-0.0318038635519156,-1.06956504693898,-1.12359224783495,0.7703390604686,-0.0318038635519156,-1.06956504693898,-1.12359224783495,0.7703390604686
"1555",-0.00779297087723537,-1.15824767831478,-1.12359224783495,0.7703390604686,-0.00779297087723537,-1.15824767831478,-1.12359224783495,0.7703390604686
"1556",0.0101663574326297,-1.32356168467286,-1.12359224783495,0.7703390604686,0.0101663574326297,-1.32356168467286,-1.12359224783495,0.7703390604686
"1557",-0.0204461398855787,-1.65271103224487,-1.12359224783495,0.7703390604686,-0.0204461398855787,-1.65271103224487,-1.12359224783495,0.7703390604686
"1558",-0.0856185382157781,-2.07832751470819,-1.12359224783495,0.7703390604686,-0.0856185382157781,-2.07832751470819,-1.12359224783495,0.7703390604686
"1559",-0.160777052793141,-2.43095299543377,-1.09447630237032,0.888758355440136,-0.160777052793141,-2.43095299543377,-1.09447630237032,0.888758355440136
"1560",-0.24279343195884,-2.66404371657109,-1.04040383222174,0.916535720927286,-0.24279343195884,-2.66404371657109,-1.04040383222174,0.916535720927286
"1561",-0.314440210624726,-2.78708118509039,-1.04040383222174,0.916535720927286,-0.314440210624726,-2.78708118509039,-1.04040383222174,0.916535720927286
"1562",-0.371368473806849,-2.84558277258621,-1.04040383222174,0.916535720927286,-0.371368473806849,-2.84558277258621,-1.04040383222174,0.916535720927286
"1563",-0.429201625269349,-2.88163124982152,-1.04040383222174,0.916535720927286,-0.429201625269349,-2.88163124982152,-1.04040383222174,0.916535720927286
"1564",-0.48596376369425,-2.877483055487,-1.04040383222174,1.05444552677851,-0.48596376369425,-2.877483055487,-1.04040383222174,1.05444552677851
"1565",-0.546063146657907,-2.80670575383506,-1.01843588373524,1.14638539734599,-0.546063146657907,-2.80670575383506,-1.01843588373524,1.14638539734599
"1566",-0.619355733471528,-2.75918989066926,-0.918359673963434,1.14638539734599,-0.619355733471528,-2.75918989066926,-0.918359673963434,1.14638539734599
"1567",-0.697949390614357,-2.76063655715213,-0.918359673963434,1.14638539734599,-0.697949390614357,-2.76063655715213,-0.918359673963434,1.14638539734599
"1568",-0.7675357392696,-2.92852717979947,-0.918359673963434,1.14638539734599,-0.7675357392696,-2.92852717979947,-0.918359673963434,1.14638539734599
"1569",-0.833616044762058,-3.20452922681638,-0.918359673963434,1.23495917895072,-0.833616044762058,-3.20452922681638,-0.918359673963434,1.23495917895072
"1570",-0.896024009826973,-0.551780935076372,-0.918359673963434,1.32353296055545,-0.896024009826973,-0.551780935076372,-0.918359673963434,1.32353296055545
"1571",-0.92684869141453,-0.169156640234872,-0.888258388751473,1.32353296055545,-0.92684869141453,-0.169156640234872,-0.888258388751473,1.32353296055545
"1572",-0.912060051617359,-0.169156640234872,-0.775020220573142,1.32353296055545,-0.912060051617359,-0.169156640234872,-0.775020220573142,1.32353296055545
"1573",-0.85015994873859,-0.169156640234872,-0.775020220573142,1.32353296055545,-0.85015994873859,-0.169156640234872,-0.775020220573142,1.32353296055545
"1574",-0.781652979736444,-0.169156640234872,-0.775020220573142,1.40575752816962,-0.781652979736444,-0.169156640234872,-0.775020220573142,1.40575752816962
"1575",-0.76504050401433,-0.169156640234872,-0.775020220573142,1.49133820058437,-0.76504050401433,-0.169156640234872,-0.775020220573142,1.49133820058437
"1576",-0.809194066628958,-0.169156640234872,-0.775020220573142,1.49133820058437,-0.809194066628958,-0.169156640234872,-0.775020220573142,1.49133820058437
"1577",-0.885350709809935,-0.169156640234872,-0.607261463995809,1.49133820058437,-0.885350709809935,-0.169156640234872,-0.607261463995809,1.49133820058437
"1578",-0.94075400637333,-0.169156640234872,-0.551341878470032,1.49133820058437,-0.94075400637333,-0.169156640234872,-0.551341878470032,1.49133820058437
"1579",-0.957261425005986,-0.169156640234872,-0.551341878470032,1.61260084231321,-0.957261425005986,-0.169156640234872,-0.551341878470032,1.61260084231321
"1580",-0.956987828053802,-0.169156640234872,-0.551341878470032,1.68381858428095,-0.956987828053802,-0.169156640234872,-0.551341878470032,1.68381858428095
"1581",-0.971362363510673,-0.486274583854326,-0.551341878470032,1.68381858428095,-0.971362363510673,-0.486274583854326,-0.551341878470032,1.68381858428095
"1582",-0.952181164322929,-2.95359320264094,-0.548510121447861,1.68381858428095,-0.952181164322929,-2.95359320264094,-0.548510121447861,1.68381858428095
"1583",-0.892059959155961,-2.19930903420608,-0.539029891417115,1.68381858428095,-0.892059959155961,-2.19930903420608,-0.539029891417115,1.68381858428095
"1584",-0.824274502923366,-1.50992632566049,-0.539029891417115,1.68381858428095,-0.824274502923366,-1.50992632566049,-0.539029891417115,1.68381858428095
"1585",-0.717670452136185,-0.958790493111301,-0.539029891417115,1.68381858428095,-0.717670452136185,-0.958790493111301,-0.539029891417115,1.68381858428095
"1586",-0.453831474983396,-0.551465239555371,-0.539029891417115,1.68381858428095,-0.453831474983396,-0.551465239555371,-0.539029891417115,1.68381858428095
"1587",-0.0482717779588161,-0.266412009170542,-0.534411626995256,1.68381858428095,-0.0482717779588161,-0.266412009170542,-0.534411626995256,1.68381858428095
"1588",0.349019632862639,-0.0619485516634883,-0.308116670324147,1.68381858428095,0.349019632862639,-0.0619485516634883,-0.308116670324147,1.68381858428095
"1589",0.651021072156628,0.141610021073643,-0.308116670324147,1.81627347181096,0.651021072156628,0.141610021073643,-0.308116670324147,1.81627347181096
"1590",0.841949221673087,0.343786672064421,-0.308116670324147,1.8293734057425,0.841949221673087,0.343786672064421,-0.308116670324147,1.8293734057425
"1591",0.947081438162644,0.490748325065083,-0.308116670324147,1.8293734057425,0.947081438162644,0.490748325065083,-0.308116670324147,1.8293734057425
"1592",1.03903123252324,0.5712721620153,-0.308116670324147,1.8293734057425,1.03903123252324,0.5712721620153,-0.308116670324147,1.8293734057425
"1593",1.13517977405765,0.609463456462517,-0.270930344274039,1.84432112283135,1.13517977405765,0.609463456462517,-0.270930344274039,1.84432112283135
"1594",1.19262090214447,0.573146802417773,-0.265373766818275,1.92279663754781,1.19262090214447,0.573146802417773,-0.265373766818275,1.92279663754781
"1595",1.16497217054946,0.423104790115435,-0.265373766818275,1.92279663754781,1.16497217054946,0.423104790115435,-0.265373766818275,1.92279663754781
"1596",1.0404503657686,0.261136045260948,-0.265373766818275,1.92279663754781,1.0404503657686,0.261136045260948,-0.265373766818275,1.92279663754781
"1597",0.822981414307443,0.127719098580849,0.126942306195585,1.92279663754781,0.822981414307443,0.127719098580849,0.126942306195585,1.92279663754781
"1598",0.533503677115988,0.0337063777921328,0.447928184116016,1.91564227219307,0.533503677115988,0.0337063777921328,0.447928184116016,1.91564227219307
"1599",0.277090286852694,-0.0293201941137887,0.447928184116016,1.9039693602985,0.277090286852694,-0.0293201941137887,0.447928184116016,1.9039693602985
"1600",0.00364669386872771,-0.103353090947718,0.447928184116016,1.9039693602985,0.00364669386872771,-0.103353090947718,0.447928184116016,1.9039693602985
"1601",-0.17674512661432,-0.201622614665758,1.05318039052932,1.9039693602985,-0.17674512661432,-0.201622614665758,1.05318039052932,1.9039693602985
"1602",-0.0968948383250977,-0.308318763939849,1.3936347566368,1.9039693602985,-0.0968948383250977,-0.308318763939849,1.3936347566368,1.9039693602985
"1603",0.19037833880934,-0.393663678021974,1.3936347566368,1.80287971824962,0.19037833880934,-0.393663678021974,1.3936347566368,1.80287971824962
"1604",0.47571287625359,-0.419618235952425,1.62411388499037,1.70179007620075,0.47571287625359,-0.419618235952425,1.62411388499037,1.70179007620075
"1605",0.682152730904594,-0.373598835726304,1.69689676762835,1.70179007620075,0.682152730904594,-0.373598835726304,1.69689676762835,1.70179007620075
"1606",0.794857941973207,-0.294455028630788,1.69689676762835,1.70179007620075,0.794857941973207,-0.294455028630788,1.69689676762835,1.70179007620075
"1607",0.820567343847887,-0.204716067726198,1.69689676762835,1.70179007620075,0.820567343847887,-0.204716067726198,1.69689676762835,1.70179007620075
"1608",0.792907830531871,-0.11576156451307,1.69689676762835,1.54335853814777,0.792907830531871,-0.11576156451307,1.69689676762835,1.54335853814777
"1609",0.74898309916382,-0.0405536394667289,0.747948461609301,1.11500660193047,0.74898309916382,-0.0405536394667289,0.747948461609301,1.11500660193047
"1610",0.701162975124108,0.0231938599418622,-0.322142181348346,1.11500660193047,0.701162975124108,0.0231938599418622,-0.322142181348346,1.11500660193047
"1611",0.647378058010214,0.0785093150430054,-0.322142181348346,1.11500660193047,0.647378058010214,0.0785093150430054,-0.322142181348346,1.11500660193047
"1612",0.585612252248265,0.143907898659583,-0.322142181348346,1.11500660193047,0.585612252248265,0.143907898659583,-0.322142181348346,1.11500660193047
"1613",0.554648960855488,0.237797856701133,0.166489170175761,1.11500660193047,0.554648960855488,0.237797856701133,0.166489170175761,1.11500660193047
"1614",0.566080862762329,0.366804084555547,0.814209798940274,0.761949511621594,0.566080862762329,0.366804084555547,0.814209798940274,0.761949511621594
"1615",0.592124239226812,0.530209826224464,0.814209798940274,0.185908995854483,0.592124239226812,0.530209826224464,0.814209798940274,0.185908995854483
"1616",0.59533279314367,0.70996533291663,0.814209798940274,0.185908995854483,0.59533279314367,0.70996533291663,0.814209798940274,0.185908995854483
"1617",0.559163483074053,0.848550148409638,0.814209798940274,0.185908995854483,0.559163483074053,0.848550148409638,0.814209798940274,0.185908995854483
"1618",0.502625086923415,0.917164708325009,0.814209798940274,0.185908995854483,0.502625086923415,0.917164708325009,0.814209798940274,0.185908995854483
"1619",0.443599390864166,0.916933763247243,0.814209798940274,0.185908995854483,0.443599390864166,0.916933763247243,0.814209798940274,0.185908995854483
"1620",0.389051127903228,0.86812051048785,0.814209798940274,0.185908995854483,0.389051127903228,0.86812051048785,0.814209798940274,0.185908995854483
"1621",0.338172013980417,0.796855805694623,-0.755149942746751,-0.295142914108751,0.338172013980417,0.796855805694623,-0.755149942746751,-0.295142914108751
"1622",0.301778357860159,0.731557170013296,-1.49367217412888,-0.883095248508259,0.301778357860159,0.731557170013296,-1.49367217412888,-0.883095248508259
"1623",0.287925398938552,0.691489861790406,-1.49367217412888,-0.883095248508259,0.287925398938552,0.691489861790406,-1.49367217412888,-0.883095248508259
"1624",0.293425801725672,0.662309665964791,-0.748098283894118,-0.883095248508259,0.293425801725672,0.662309665964791,-0.748098283894118,-0.883095248508259
"1625",0.293343860646045,0.632255603049664,1.74795343558748,-0.883095248508259,0.293343860646045,0.632255603049664,1.74795343558748,-0.883095248508259
"1626",0.287954207697073,0.625471284258603,1.74795343558748,-0.883095248508259,0.287954207697073,0.625471284258603,1.74795343558748,-0.883095248508259
"1627",0.283520677766687,0.675580384332175,1.74795343558748,-0.883095248508259,0.283520677766687,0.675580384332175,1.74795343558748,-0.883095248508259
"1628",0.276556807297443,0.756268143183488,1.74612535936552,-0.883095248508259,0.276556807297443,0.756268143183488,1.74612535936552,-0.883095248508259
"1629",0.270356972705388,0.817016363693849,1.56514581339199,-1.23625667331189,0.270356972705388,0.817016363693849,1.56514581339199,-1.23625667331189
"1630",0.277875109887977,0.841753047905153,1.56514581339199,-1.7444645772976,0.277875109887977,0.841753047905153,1.56514581339199,-1.7444645772976
"1631",0.3026682379849,0.84647029989176,1.52311783016524,-1.7444645772976,0.3026682379849,0.84647029989176,1.52311783016524,-1.7444645772976
"1632",0.328614061437744,0.829256370146803,1.48584773183209,-1.7444645772976,0.328614061437744,0.829256370146803,1.48584773183209,-1.7444645772976
"1633",0.327819577980441,0.799870943783364,1.48584773183209,-1.7444645772976,0.327819577980441,0.799870943783364,1.48584773183209,-1.7444645772976
"1634",0.267009377714469,0.761558488857713,1.48584773183209,-1.7444645772976,0.267009377714469,0.761558488857713,1.48584773183209,-1.7444645772976
"1635",0.164217484712804,0.687029206367796,1.42050312982576,-1.7444645772976,0.164217484712804,0.687029206367796,1.42050312982576,-1.7444645772976
"1636",0.0729749712500332,0.629468608408748,1.33388354111968,-1.7444645772976,0.0729749712500332,0.629468608408748,1.33388354111968,-1.7444645772976
"1637",0.000164370492150333,0.596723065688751,1.33388354111968,-1.7444645772976,0.000164370492150333,0.596723065688751,1.33388354111968,-1.7444645772976
"1638",-0.0621440577244612,0.560373646883405,1.33388354111968,-2.03450627144492,-0.0621440577244612,0.560373646883405,1.33388354111968,-2.03450627144492
"1639",-0.136797383982486,0.509811212199427,0.722816776697163,-2.13118683616069,-0.136797383982486,0.509811212199427,0.722816776697163,-2.13118683616069
"1640",-0.211832555671568,0.453028915109132,0.280320154184305,-2.13118683616069,-0.211832555671568,0.453028915109132,0.280320154184305,-2.13118683616069
"1641",-0.251913560375005,0.399080825866969,0.280320154184305,-2.13118683616069,-0.251913560375005,0.399080825866969,0.280320154184305,-2.13118683616069
"1642",-0.274203431616232,0.344121653670177,0.280320154184305,-2.13118683616069,-0.274203431616232,0.344121653670177,0.280320154184305,-2.13118683616069
"1643",-0.325169489337214,0.289411136763783,0.280320154184305,-2.13118683616069,-0.325169489337214,0.289411136763783,0.280320154184305,-2.13118683616069
"1644",-0.423223635368661,0.255580844098184,0.30813191751523,-2.13118683616069,-0.423223635368661,0.255580844098184,0.30813191751523,-2.13118683616069
"1645",-0.556089284653434,0.252051975677647,0.387288474687864,-2.13118683616069,-0.556089284653434,0.252051975677647,0.387288474687864,-2.13118683616069
"1646",-0.684037865384259,0.24066474989713,0.387288474687864,-1.79222602785324,-0.684037865384259,0.24066474989713,0.387288474687864,-1.79222602785324
"1647",-0.763724271514229,0.179554407310654,1.00933575457376,-1.69097799420296,-0.763724271514229,0.179554407310654,1.00933575457376,-1.69097799420296
"1648",-0.754329856115736,0.0719448247191785,1.42403394116436,-1.69097799420296,-0.754329856115736,0.0719448247191785,1.42403394116436,-1.69097799420296
"1649",-0.588834751401196,0.0311658242276815,1.42403394116436,-1.69097799420296,-0.588834751401196,0.0311658242276815,1.42403394116436,-1.69097799420296
"1650",-0.248130987631924,-0.00466459497726839,1.42403394116436,-0.125627269404436,-0.248130987631924,-0.00466459497726839,1.42403394116436,-0.125627269404436
"1651",0.180445182375747,-0.33102809705737,1.42403394116436,0.129197267190673,0.180445182375747,-0.33102809705737,1.42403394116436,0.129197267190673
"1652",0.56876585630726,-0.763742723430371,1.42403394116436,0.129197267190673,0.56876585630726,-0.763742723430371,1.42403394116436,0.129197267190673
"1653",0.844307658452265,-1.19885542757678,1.42403394116436,0.129197267190673,0.844307658452265,-1.19885542757678,1.42403394116436,0.129197267190673
"1654",1.008013083734,-1.79001854900126,1.42403394116436,0.129197267190673,1.008013083734,-1.79001854900126,1.42403394116436,0.129197267190673
"1655",1.0805525026452,-2.49791245973293,1.42403394116436,0.129197267190673,1.0805525026452,-2.49791245973293,1.42403394116436,0.129197267190673
"1656",1.08582821436661,-3.09888244677834,1.42403394116436,0.129197267190673,1.08582821436661,-3.09888244677834,1.42403394116436,0.129197267190673
"1657",1.05080038666307,-0.614257877273884,1.42403394116436,0.129197267190673,1.05080038666307,-0.614257877273884,1.42403394116436,0.129197267190673
"1658",1.00796055518927,-0.169156640234872,-0.742503723323659,0.129197267190673,1.00796055518927,-0.169156640234872,-0.742503723323659,0.129197267190673
"1659",0.963417298050694,-2.85551272846806,-2.24806379525601,0.0545825038446938,0.963417298050694,-2.85551272846806,-2.24806379525601,0.0545825038446938
"1660",0.906050175696848,-2.28105641120772,-2.24806379525601,-0.285329195842547,0.906050175696848,-2.28105641120772,-2.24806379525601,-0.285329195842547
"1661",0.832044011460335,-1.52791148854069,-2.24806379525601,-0.285329195842547,0.832044011460335,-1.52791148854069,-2.24806379525601,-0.285329195842547
"1662",0.772986574014451,-0.987530335973176,-2.24806379525601,-0.285329195842547,0.772986574014451,-0.987530335973176,-2.24806379525601,-0.285329195842547
"1663",0.759676151293737,-0.661053880954472,-2.24806379525601,-0.285329195842547,0.759676151293737,-0.661053880954472,-2.24806379525601,-0.285329195842547
"1664",0.778817328733116,-0.527741058385268,-2.24806379525601,-0.285329195842547,0.778817328733116,-0.527741058385268,-2.24806379525601,-0.285329195842547
"1665",0.810535771864974,-0.541829998870922,-1.94592858493521,0.0510052786040671,0.810535771864974,-0.541829998870922,-1.94592858493521,0.0510052786040671
"1666",0.832896198688447,-0.651094823160679,-1.33250255185964,0.401067690783195,0.832896198688447,-0.651094823160679,-1.33250255185964,0.401067690783195
"1667",0.839047903677943,-0.77781877102477,-1.33250255185964,0.401067690783195,0.839047903677943,-0.77781877102477,-1.33250255185964,0.401067690783195
"1668",0.814049922881954,-0.908251994360218,-1.33250255185964,0.401067690783195,0.814049922881954,-0.908251994360218,-1.33250255185964,0.401067690783195
"1669",0.755526741275234,-1.05372832556093,-1.33250255185964,0.401067690783195,0.755526741275234,-1.05372832556093,-1.33250255185964,0.401067690783195
"1670",0.687199007603049,-1.19137245889117,-1.33250255185964,0.421695682996695,0.687199007603049,-1.19137245889117,-1.33250255185964,0.421695682996695
"1671",0.631510901097627,-1.2815841124284,-0.800399890482235,0.813627535053196,0.631510901097627,-1.2815841124284,-0.800399890482235,0.813627535053196
"1672",0.601226599366764,-1.36460559670894,-0.430633634270822,0.813627535053196,0.601226599366764,-1.36460559670894,-0.430633634270822,0.813627535053196
"1673",0.584864777094538,-1.40143689666761,-0.430633634270822,0.813627535053196,0.584864777094538,-1.40143689666761,-0.430633634270822,0.813627535053196
"1674",0.559800467150936,-1.35550335562311,-0.430633634270822,0.813627535053196,0.559800467150936,-1.35550335562311,-0.430633634270822,0.813627535053196
"1675",0.503375322197719,-1.28289017165519,-0.430633634270822,0.813627535053196,0.503375322197719,-1.28289017165519,-0.430633634270822,0.813627535053196
"1676",0.431875088683711,-1.23317873319276,-0.430633634270822,1.099799296625,0.431875088683711,-1.23317873319276,-0.430633634270822,1.099799296625
"1677",0.362947287547358,-1.19518973568347,-0.430633634270822,1.14638539734599,0.362947287547358,-1.19518973568347,-0.430633634270822,1.14638539734599
"1678",0.319072410857227,-1.16431910897486,-1.08687219069658,1.14638539734599,0.319072410857227,-1.16431910897486,-1.08687219069658,1.14638539734599
"1679",0.381543944949179,-1.13839206522176,-1.09350086298371,1.14638539734599,0.381543944949179,-1.13839206522176,-1.09350086298371,1.14638539734599
"1680",0.568860390437018,-1.16832328597698,-1.09350086298371,1.14638539734599,0.568860390437018,-1.16832328597698,-1.09350086298371,1.14638539734599
"1681",0.81786164939863,-1.20202978820118,-1.09350086298371,1.3362927198185,0.81786164939863,-1.20202978820118,-1.09350086298371,1.3362927198185
"1682",1.04575169485911,-1.08837979263004,-1.09350086298371,1.3898563235928,1.04575169485911,-1.08837979263004,-1.09350086298371,1.3898563235928
"1683",1.21521878559132,-0.681950221309335,-0.99828452451371,1.3898563235928,1.21521878559132,-0.681950221309335,-0.99828452451371,1.3898563235928
"1684",1.32396020475023,-0.0857829296831209,-0.753442511305145,1.3898563235928,1.32396020475023,-0.0857829296831209,-0.753442511305145,1.3898563235928
"1685",1.38652092523832,0.555501054242526,-0.753442511305145,1.3898563235928,1.38652092523832,0.555501054242526,-0.753442511305145,1.3898563235928
"1686",1.41542025021596,1.11429519669629,-0.753442511305145,1.54770592762171,1.41542025021596,1.11429519669629,-0.753442511305145,1.54770592762171
"1687",1.41294606088009,1.55163009552201,-0.753442511305145,1.57777251886531,1.41294606088009,1.55163009552201,-0.753442511305145,1.57777251886531
"1688",1.38489426542709,1.85362323032792,-0.753442511305145,1.57777251886531,1.38489426542709,1.85362323032792,-0.753442511305145,1.57777251886531
"1689",1.34438647707945,2.0355458031445,-0.764092062786663,1.57777251886531,1.34438647707945,2.0355458031445,-0.764092062786663,1.57777251886531
"1690",1.29601269010277,2.13206320162635,-0.785713879430958,1.57777251886531,1.29601269010277,2.13206320162635,-0.785713879430958,1.57777251886531
"1691",1.22885119362808,2.16886988363686,-0.785713879430958,1.64330000154622,1.22885119362808,2.16886988363686,-0.785713879430958,1.64330000154622
"1692",1.14556145008499,2.1675397670224,-0.785713879430958,1.64823217766198,1.14556145008499,2.1675397670224,-0.785713879430958,1.64823217766198
"1693",1.0598445255096,2.14047548617654,-0.785713879430958,1.64823217766198,1.0598445255096,2.14047548617654,-0.785713879430958,1.64823217766198
"1694",0.985933585432993,2.09411988979694,-0.785713879430958,1.64823217766198,0.985933585432993,2.09411988979694,-0.785713879430958,1.64823217766198
"1695",0.929811104951785,2.0219257247948,-0.790159902961779,1.65180864718491,0.929811104951785,2.0219257247948,-0.790159902961779,1.65180864718491
"1696",0.891388242684909,1.92918215966733,-0.801592534898173,1.71976156812055,0.891388242684909,1.92918215966733,-0.801592534898173,1.71976156812055
"1697",0.864902211882909,1.8526667272796,-0.801592534898173,1.71976156812055,0.864902211882909,1.8526667272796,-0.801592534898173,1.71976156812055
"1698",0.840780483116313,1.80502399058972,-0.801592534898173,1.71976156812055,0.840780483116313,1.80502399058972,-0.801592534898173,1.71976156812055
"1699",0.802575670375012,1.78052385356224,-0.801592534898173,1.71976156812055,0.802575670375012,1.78052385356224,-0.801592534898173,1.71976156812055
"1700",0.755769459378464,1.7728884591369,-0.801592534898173,1.72736949969993,0.755769459378464,1.7728884591369,-0.801592534898173,1.72736949969993
"1701",0.706946376524126,1.77449306353764,-0.804073082970082,1.75598981373665,0.706946376524126,1.77449306353764,-0.804073082970082,1.75598981373665
"1702",0.661871623666963,1.76864590378668,-0.86360623669589,1.75598981373665,0.661871623666963,1.76864590378668,-0.86360623669589,1.75598981373665
"1703",0.621829174397834,1.7514364164836,-0.86360623669589,1.75598981373665,0.621829174397834,1.7514364164836,-0.86360623669589,1.75598981373665
"1704",0.570927116972727,1.72209373752881,-0.86360623669589,1.75598981373665,0.570927116972727,1.72209373752881,-0.86360623669589,1.75598981373665
"1705",0.484436409844364,1.68612635471096,-0.86360623669589,1.724740099275,0.484436409844364,1.68612635471096,-0.86360623669589,1.724740099275
"1706",0.36870429529436,1.6506451179775,-0.86360623669589,1.64823217766198,0.36870429529436,1.6506451179775,-0.86360623669589,1.64823217766198
"1707",0.242842796988499,1.61573546608967,-0.86360623669589,1.64823217766198,0.242842796988499,1.61573546608967,-0.86360623669589,1.64823217766198
"1708",0.119073815094987,1.56347543936244,-0.920729509347643,1.64823217766198,0.119073815094987,1.56347543936244,-0.920729509347643,1.64823217766198
"1709",0.0191901403899084,1.49954622492855,-0.93779230507479,1.64823217766198,0.0191901403899084,1.49954622492855,-0.93779230507479,1.64823217766198
"1710",-0.0380116334906293,1.43323574953594,-0.93779230507479,1.59137237406017,-0.0380116334906293,1.43323574953594,-0.93779230507479,1.59137237406017
"1711",-0.0553054277263942,1.32222024812459,-0.93779230507479,1.24209072336334,-0.0553054277263942,1.32222024812459,-0.93779230507479,1.24209072336334
"1712",-0.0645471739554777,1.14842640500601,-0.93779230507479,1.24209072336334,-0.0645471739554777,1.14842640500601,-0.93779230507479,1.24209072336334
"1713",-0.0844340152194552,0.947908756513837,-0.93779230507479,1.24209072336334,-0.0844340152194552,0.947908756513837,-0.93779230507479,1.24209072336334
"1714",-0.124278339583425,0.754049963285121,-0.955170738263832,1.24209072336334,-0.124278339583425,0.754049963285121,-0.955170738263832,1.24209072336334
"1715",-0.17519885531489,0.590852516551369,-0.971212368899871,1.24209072336334,-0.17519885531489,0.590852516551369,-0.971212368899871,1.24209072336334
"1716",-0.23558322072811,0.464477844585513,-0.971212368899871,0.964602330268337,-0.23558322072811,0.464477844585513,-0.971212368899871,0.964602330268337
"1717",-0.293761214755183,0.384269042630307,-0.971212368899871,0.87210619923667,-0.293761214755183,0.384269042630307,-0.971212368899871,0.87210619923667
"1718",-0.337030589993761,0.337414594128561,-0.971212368899871,0.87210619923667,-0.337030589993761,0.337414594128561,-0.971212368899871,0.87210619923667
"1719",-0.357107189547399,0.282821841638303,-0.971212368899871,0.87210619923667,-0.357107189547399,0.282821841638303,-0.971212368899871,0.87210619923667
"1720",-0.364513369339088,0.207038220969407,-0.838372755767088,0.87210619923667,-0.364513369339088,0.207038220969407,-0.838372755767088,0.87210619923667
"1721",-0.365104897680221,0.108603565473881,-0.753442511305145,0.87210619923667,-0.365104897680221,0.108603565473881,-0.753442511305145,0.87210619923667
"1722",-0.366787536186904,0.0354182360998386,-0.753442511305145,0.30088660749249,-0.366787536186904,0.0354182360998386,-0.753442511305145,0.30088660749249
"1723",-0.379396198250945,0.0109214624352988,-0.753442511305145,0.222993026800102,-0.379396198250945,0.0109214624352988,-0.753442511305145,0.222993026800102
"1724",-0.423065877226938,0.0154528932910263,-0.753442511305145,0.222993026800102,-0.423065877226938,0.0154528932910263,-0.753442511305145,0.222993026800102
"1725",-0.477200898385255,0.0185632098795208,-0.730760531033432,0.222993026800102,-0.477200898385255,0.0185632098795208,-0.730760531033432,0.222993026800102
"1726",-0.503241945998001,0.00979931376238199,-0.526622708588017,0.222993026800102,-0.503241945998001,0.00979931376238199,-0.526622708588017,0.222993026800102
"1727",-0.494069892813483,-0.00368973357292661,-0.526622708588017,0.222993026800102,-0.494069892813483,-0.00368973357292661,-0.526622708588017,0.222993026800102
"1728",-0.514855153325236,-0.0156388745306355,-0.526622708588017,-0.0223686145013798,-0.514855153325236,-0.0156388745306355,-0.526622708588017,-0.0223686145013798
"1729",-0.601796018868935,-0.0150046470503178,-0.526622708588017,-0.543762102267029,-0.601796018868935,-0.0150046470503178,-0.526622708588017,-0.543762102267029
"1730",-0.727825625768681,-0.00166667076688714,-0.526622708588017,-0.543762102267029,-0.727825625768681,-0.00166667076688714,-0.526622708588017,-0.543762102267029
"1731",-0.863971160836472,0.0114574516898591,-0.466117542523536,-0.543762102267029,-0.863971160836472,0.0114574516898591,-0.466117542523536,-0.543762102267029
"1732",-0.998679363113851,0.0247806665470703,-0.443738919458591,-0.543762102267029,-0.998679363113851,0.0247806665470703,-0.443738919458591,-0.543762102267029
"1733",-1.0780857895128,0.03948552287039,-0.443738919458591,-0.543762102267029,-1.0780857895128,0.03948552287039,-0.443738919458591,-0.543762102267029
"1734",-1.03704210650441,0.0461461026047652,-0.443738919458591,-0.543762102267029,-1.03704210650441,0.0461461026047652,-0.443738919458591,-0.543762102267029
"1735",-0.850283377880637,0.0513817842886042,-0.443738919458591,-0.65183067367809,-0.850283377880637,0.0513817842886042,-0.443738919458591,-0.65183067367809
"1736",-0.520498651113513,0.0555627714117441,-0.373021150525268,-0.736741694072495,-0.520498651113513,0.0555627714117441,-0.373021150525268,-0.736741694072495
"1737",-0.117900218452857,0.0604461408280309,-0.315161157761641,-0.736741694072495,-0.117900218452857,0.0604461408280309,-0.315161157761641,-0.736741694072495
"1738",0.257554153409516,0.0602876890630433,-0.315161157761641,-0.736741694072495,0.257554153409516,0.0602876890630433,-0.315161157761641,-0.736741694072495
"1739",0.526920272017514,0.0502499659472463,-0.315161157761641,-0.736741694072495,0.526920272017514,0.0502499659472463,-0.315161157761641,-0.736741694072495
"1740",0.668575784040676,0.0364818529149931,-0.315161157761641,-0.736741694072495,0.668575784040676,0.0364818529149931,-0.315161157761641,-0.736741694072495
"1741",0.720020981443052,0.0216959488875891,-0.317665758632998,-0.736741694072495,0.720020981443052,0.0216959488875891,-0.317665758632998,-0.736741694072495
"1742",0.731875095544388,0.00899262050484312,-0.342990056332279,-0.852454567939443,0.731875095544388,0.00899262050484312,-0.342990056332279,-0.852454567939443
"1743",0.724655568906711,-0.0054400369875264,-0.342990056332279,-0.936246649015508,0.724655568906711,-0.0054400369875264,-0.342990056332279,-0.936246649015508
"1744",0.695319109832702,-0.0233995542253466,-0.342990056332279,-0.936246649015508,0.695319109832702,-0.0233995542253466,-0.342990056332279,-0.936246649015508
"1745",0.628636666785643,-0.0452808927867336,-0.342990056332279,-0.936246649015508,0.628636666785643,-0.0452808927867336,-0.342990056332279,-0.936246649015508
"1746",0.532906628533702,-0.0838143346712961,-0.341876900389453,-0.936246649015508,0.532906628533702,-0.0838143346712961,-0.341876900389453,-0.936246649015508
"1747",0.441372577334997,-0.164829713100606,-0.315161157761641,-0.936246649015508,0.441372577334997,-0.164829713100606,-0.315161157761641,-0.936246649015508
"1748",0.362686197391539,-0.243722575950392,-0.315161157761641,-0.936246649015508,0.362686197391539,-0.243722575950392,-0.315161157761641,-0.936246649015508
"1749",0.249778462475597,-0.279637826642729,-0.315161157761641,-0.988927296276079,0.249778462475597,-0.279637826642729,-0.315161157761641,-0.988927296276079
"1750",0.060748413378354,-0.281644960188197,-0.315161157761641,-1.04833313254864,0.060748413378354,-0.281644960188197,-0.315161157761641,-1.04833313254864
"1751",-0.181840222945478,-0.346676656964499,-0.315161157761641,-1.04833313254864,-0.181840222945478,-0.346676656964499,-0.315161157761641,-1.04833313254864
"1752",-0.419991275411827,-0.500577791899671,-0.416892123978901,-1.04833313254864,-0.419991275411827,-0.500577791899671,-0.416892123978901,-1.04833313254864
"1753",-0.605149479116079,-0.587918908597722,-0.623436812965459,-1.04833313254864,-0.605149479116079,-0.587918908597722,-0.623436812965459,-1.04833313254864
"1754",-0.690290142267274,-0.539299628822027,-0.623436812965459,-1.04833313254864,-0.690290142267274,-0.539299628822027,-0.623436812965459,-1.04833313254864
"1755",-0.637131341255494,-0.483502371980293,-0.623436812965459,-1.04833313254864,-0.637131341255494,-0.483502371980293,-0.623436812965459,-1.04833313254864
"1756",-0.449379831761723,-0.465258977567995,-0.623436812965459,-1.04528311363425,-0.449379831761723,-0.465258977567995,-0.623436812965459,-1.04528311363425
"1757",-0.170437216050926,-0.421267171345202,-0.623436812965459,-1.03986085778645,-0.170437216050926,-0.421267171345202,-0.623436812965459,-1.03986085778645
"1758",0.136111953162318,-0.394274034968121,-0.692917544519218,-1.03986085778645,0.136111953162318,-0.394274034968121,-0.692917544519218,-1.03986085778645
"1759",0.408537665429789,-0.446986107016632,-0.801592534898173,-1.03986085778645,0.408537665429789,-0.446986107016632,-0.801592534898173,-1.03986085778645
"1760",0.60755452080434,-0.49838964402952,-0.801592534898173,-1.03986085778645,0.60755452080434,-0.49838964402952,-0.801592534898173,-1.03986085778645
"1761",0.72660421403399,-0.526758489274198,-0.801592534898173,-1.03986085778645,0.72660421403399,-0.526758489274198,-0.801592534898173,-1.03986085778645
"1762",0.725447896019812,-0.473484642188616,-0.801592534898173,0.890124046195152,0.725447896019812,-0.473484642188616,-0.801592534898173,0.890124046195152
"1763",0.601834515923823,-0.307999291174297,-0.801592534898173,0.991702199036289,0.601834515923823,-0.307999291174297,-0.801592534898173,0.991702199036289
"1764",0.364247735607911,-0.0814419492536477,-0.801592534898173,0.991702199036289,0.364247735607911,-0.0814419492536477,-0.801592534898173,0.991702199036289
"1765",0.0248944470846451,0.101039035237066,-1.01089234830708,0.991702199036289,0.0248944470846451,0.101039035237066,-1.01089234830708,0.991702199036289
"1766",-0.347838359635154,0.188394212660724,-1.12359224783495,0.991702199036289,-0.347838359635154,0.188394212660724,-1.12359224783495,0.991702199036289
"1767",-0.708891888641409,0.158341770699679,-1.12359224783495,0.991702199036289,-0.708891888641409,0.158341770699679,-1.12359224783495,0.991702199036289
"1768",-1.03501505670199,0.0659883089594183,-1.12359224783495,0.991702199036289,-1.03501505670199,0.0659883089594183,-1.12359224783495,0.991702199036289
"1769",-1.30425032834389,0.0645089431146677,-1.12359224783495,0.0835179895811965,-1.30425032834389,0.0645089431146677,-1.12359224783495,0.0835179895811965
"1770",-1.47592059907283,0.121306847143253,-1.12359224783495,-1.53103171611675,-1.47592059907283,0.121306847143253,-1.12359224783495,-1.53103171611675
"1771",-1.50705501794138,0.195993030514138,-1.12359224783495,-1.53103171611675,-1.50705501794138,0.195993030514138,-1.12359224783495,-1.53103171611675
"1772",-1.36451290343666,0.268751306222049,-1.13735438387837,-1.53103171611675,-1.36451290343666,0.268751306222049,-1.13735438387837,-1.53103171611675
"1773",-1.05960531593652,0.326578679589313,-1.46764564892063,-1.53103171611675,-1.05960531593652,0.326578679589313,-1.46764564892063,-1.53103171611675
"1774",-0.647510343416022,0.36470422029113,-1.46764564892063,-1.53103171611675,-0.647510343416022,0.36470422029113,-1.46764564892063,-1.53103171611675
"1775",-0.229008095991366,0.385074147633126,-1.46764564892063,-0.747304581079246,-0.229008095991366,0.385074147633126,-1.46764564892063,-0.747304581079246
"1776",0.0912325650897376,0.423672170757398,-1.46764564892063,0.210584139522144,0.0912325650897376,0.423672170757398,-1.46764564892063,0.210584139522144
"1777",0.268904372998035,0.517371047742143,-1.46764564892063,0.210584139522144,0.268904372998035,0.517371047742143,-1.46764564892063,0.210584139522144
"1778",0.334426444103819,0.614649701382533,-1.46764564892063,0.210584139522144,0.334426444103819,0.614649701382533,-1.46764564892063,0.210584139522144
"1779",0.34043056889622,0.680373199872746,-1.46764564892063,0.210584139522144,0.34043056889622,0.680373199872746,-1.46764564892063,0.210584139522144
"1780",0.329701117676195,0.720893875405404,-1.46764564892063,0.210584139522144,0.329701117676195,0.720893875405404,-1.46764564892063,0.210584139522144
"1781",0.321471904429987,0.706810535853306,-1.46764564892063,0.315199617128616,0.321471904429987,0.706810535853306,-1.46764564892063,0.315199617128616
"1782",0.324610161525902,0.617455241232972,-1.63150106135523,0.362200773734422,0.324610161525902,0.617455241232972,-1.63150106135523,0.362200773734422
"1783",0.340201565142106,0.462088483527712,-2.03266431248822,0.362200773734422,0.340201565142106,0.462088483527712,-2.03266431248822,0.362200773734422
"1784",0.381562230748001,0.283232405483373,-2.03266431248822,0.362200773734422,0.381562230748001,0.283232405483373,-2.03266431248822,0.362200773734422
"1785",0.422201814853185,0.107596892261769,-2.03266431248822,0.362200773734422,0.422201814853185,0.107596892261769,-2.03266431248822,0.362200773734422
"1786",0.422951705112417,-0.0341155088198747,-2.03266431248822,0.384793506433599,0.422951705112417,-0.0341155088198747,-2.03266431248822,0.384793506433599
"1787",0.360799223708399,-0.0968752072194948,-2.03266431248822,0.588128100726187,0.360799223708399,-0.0968752072194948,-2.03266431248822,0.588128100726187
"1788",0.223621662306159,0.0284386974470272,-2.03266431248822,0.588128100726187,0.223621662306159,0.0284386974470272,-2.03266431248822,0.588128100726187
"1789",0.0229410580001239,0.227321168008806,-2.03266431248822,0.588128100726187,0.0229410580001239,0.227321168008806,-2.03266431248822,0.588128100726187
"1790",-0.203764464464035,0.33548706017258,-2.03266431248822,0.588128100726187,-0.203764464464035,0.33548706017258,-2.03266431248822,0.588128100726187
"1791",-0.393758658180291,0.296799557580196,-1.90990190209863,0.588128100726187,-0.393758658180291,0.296799557580196,-1.90990190209863,0.588128100726187
"1792",-0.458572758358104,0.206063125998194,-1.80103712307389,0.618447861796436,-0.458572758358104,0.206063125998194,-1.80103712307389,0.618447861796436
"1793",-0.353400088851341,0.159037846687321,-1.80103712307389,0.643254939035732,-0.353400088851341,0.159037846687321,-1.80103712307389,0.643254939035732
"1794",-0.104580997847804,0.148823593730755,-1.80103712307389,0.643254939035732,-0.104580997847804,0.148823593730755,-1.80103712307389,0.643254939035732
"1795",0.204424419917561,0.0998376606816555,-1.80103712307389,0.643254939035732,0.204424419917561,0.0998376606816555,-1.80103712307389,0.643254939035732
"1796",0.484173249598112,-0.00648366047856104,-1.80103712307389,0.643254939035732,0.484173249598112,-0.00648366047856104,-1.80103712307389,0.643254939035732
"1797",0.668894577967306,-0.127211479641644,-1.80103712307389,0.643254939035732,0.668894577967306,-0.127211479641644,-1.80103712307389,0.643254939035732
"1798",0.739001640620131,-0.260179697650025,-1.80103712307389,0.629558094836856,0.739001640620131,-0.260179697650025,-1.80103712307389,0.629558094836856
"1799",0.730157179246582,-0.392714415546646,-1.68118040509263,0.629419742875251,0.730157179246582,-0.392714415546646,-1.68118040509263,0.629419742875251
"1800",0.685074491042761,-0.51974774608748,-1.55643157617336,0.629419742875251,0.685074491042761,-0.51974774608748,-1.55643157617336,0.629419742875251
"1801",0.621223500438744,-0.69910285843612,-1.55643157617336,0.629419742875251,0.621223500438744,-0.69910285843612,-1.55643157617336,0.629419742875251
"1802",0.537949972604042,-0.915237699178412,-1.55643157617336,0.629419742875251,0.537949972604042,-0.915237699178412,-1.55643157617336,0.629419742875251
"1803",0.449045367523659,-1.07237069890152,-1.55643157617336,0.590113522690661,0.449045367523659,-1.07237069890152,-1.55643157617336,0.590113522690661
"1804",0.339527836960042,-1.15374432219689,-1.55643157617336,0.520235797918056,0.339527836960042,-1.15374432219689,-1.55643157617336,0.520235797918056
"1805",0.21883095552237,-1.17611727230743,-1.18913841103139,0.520235797918056,0.21883095552237,-1.17611727230743,-1.18913841103139,0.520235797918056
"1806",0.112153934047438,-1.15400806590713,-0.806853688128517,0.520235797918056,0.112153934047438,-1.15400806590713,-0.806853688128517,0.520235797918056
"1807",0.0309930197530354,-1.11828289193405,-0.806853688128517,0.520235797918056,0.0309930197530354,-1.11828289193405,-0.806853688128517,0.520235797918056
"1808",-0.0122913636411781,-1.0867475806252,-0.474728762045438,0.520235797918056,-0.0122913636411781,-1.0867475806252,-0.474728762045438,0.520235797918056
"1809",-0.0409780730806349,-1.06174588209988,1.74795343558748,0.510850685471049,-0.0409780730806349,-1.06174588209988,1.74795343558748,0.510850685471049
"1810",-0.0942232141142106,-1.03249406065774,1.74795343558748,0.506828494422332,-0.0942232141142106,-1.03249406065774,1.74795343558748,0.506828494422332
"1811",-0.152828164293022,-1.0008320626783,1.74795343558748,0.506828494422332,-0.152828164293022,-1.0008320626783,1.74795343558748,0.506828494422332
"1812",-0.208800304456558,-0.979935628896685,1.56429793634545,0.506828494422332,-0.208800304456558,-0.979935628896685,1.56429793634545,0.506828494422332
"1813",-0.279518388802092,-0.99273630795108,1.34870235027873,0.506828494422332,-0.279518388802092,-0.99273630795108,1.34870235027873,0.506828494422332
"1814",-0.34958163454076,-1.02984279639665,1.34870235027873,0.582832215845377,-0.34958163454076,-1.02984279639665,1.34870235027873,0.582832215845377
"1815",-0.429446068447939,-1.06239141421674,1.34870235027873,0.79915049989558,-0.429446068447939,-1.06239141421674,1.34870235027873,0.79915049989558
"1816",-0.50896669483576,-1.07125569737484,1.11717416447163,0.79915049989558,-0.50896669483576,-1.07125569737484,1.11717416447163,0.79915049989558
"1817",-0.539516744425917,-1.0512575617774,0.458209327943708,0.79915049989558,-0.539516744425917,-1.0512575617774,0.458209327943708,0.79915049989558
"1818",-0.523876348669473,-1.03651271880584,0.458209327943708,0.79915049989558,-0.523876348669473,-1.03651271880584,0.458209327943708,0.79915049989558
"1819",-0.501438465962312,-1.04202017890026,0.572746981930779,0.79915049989558,-0.501438465962312,-1.04202017890026,0.572746981930779,0.79915049989558
"1820",-0.500351582231396,-1.05644419441842,1.73084992780005,0.951725613676912,-0.500351582231396,-1.05644419441842,1.73084992780005,0.951725613676912
"1821",-0.513344504832,-1.06465883468275,1.73084992780005,0.961464450726785,-0.513344504832,-1.06465883468275,1.73084992780005,0.961464450726785
"1822",-0.433450313374852,-1.05974304618483,1.73084992780005,0.961464450726785,-0.433450313374852,-1.05974304618483,1.73084992780005,0.961464450726785
"1823",-0.175181087038676,-1.05113634057158,1.73084992780005,0.961464450726785,-0.175181087038676,-1.05113634057158,1.73084992780005,0.961464450726785
"1824",0.211794804395519,-1.04213131001728,1.73084992780005,0.961464450726785,0.211794804395519,-1.04213131001728,1.73084992780005,0.961464450726785
"1825",0.582750956001486,-1.03369319297119,1.73084992780005,1.00035133609991,0.582750956001486,-1.03369319297119,1.73084992780005,1.00035133609991
"1826",0.850464279906539,-1.02751903960145,1.73084992780005,1.0222252091223,0.850464279906539,-1.02751903960145,1.73084992780005,1.0222252091223
"1827",1.01357541672656,-1.02349206647275,1.73084992780005,1.0222252091223,1.01357541672656,-1.02349206647275,1.73084992780005,1.0222252091223
"1828",1.09007905881632,-1.02144891691585,0.802215131141299,1.0222252091223,1.09007905881632,-1.02144891691585,0.802215131141299,1.0222252091223
"1829",1.10541351245756,-1.01501933481646,0.802215131141299,1.0222252091223,1.10541351245756,-1.01501933481646,0.802215131141299,1.0222252091223
"1830",1.08705431167912,-0.951758074918995,1.18508492728459,1.01688368235725,1.08705431167912,-0.951758074918995,1.18508492728459,1.01688368235725
"1831",1.05466653930737,-0.775355294527603,1.71380988386341,1.00696370407929,1.05466653930737,-0.775355294527603,1.71380988386341,1.00696370407929
"1832",0.996970962604876,-0.496934335572437,1.71380988386341,1.00696370407929,0.996970962604876,-0.496934335572437,1.71380988386341,1.00696370407929
"1833",0.891432490867908,-0.171926362182316,1.71380988386341,1.00696370407929,0.891432490867908,-0.171926362182316,1.71380988386341,1.00696370407929
"1834",0.731020751972075,0.128741047066296,1.37758601804947,1.00696370407929,0.731020751972075,0.128741047066296,1.37758601804947,1.00696370407929
"1835",0.539398000861689,0.34781700855605,1.02763872914109,1.01187020663518,0.539398000861689,0.34781700855605,1.02763872914109,1.01187020663518
"1836",0.364758271660866,0.468512137699929,1.02763872914109,1.06829498602782,0.364758271660866,0.468512137699929,1.02763872914109,1.06829498602782
"1837",0.241960938464184,0.507734172089601,1.02763872914109,1.06829498602782,0.241960938464184,0.507734172089601,1.02763872914109,1.06829498602782
"1838",0.176867721093034,0.487083189060924,1.22144146348564,1.06829498602782,0.176867721093034,0.487083189060924,1.22144146348564,1.06829498602782
"1839",0.158377673348496,0.42015371474795,1.30449977820473,1.06829498602782,0.158377673348496,0.42015371474795,1.30449977820473,1.06829498602782
"1840",0.172108928203416,0.319129905093547,1.30449977820473,1.06829498602782,0.172108928203416,0.319129905093547,1.30449977820473,1.06829498602782
"1841",0.199136115146022,0.213313555507481,1.57500650920821,0.988172084552042,0.199136115146022,0.213313555507481,1.57500650920821,0.988172084552042
"1842",0.225448430859215,0.128065291396393,1.74795343558748,0.961464450726785,0.225448430859215,0.128065291396393,1.74795343558748,0.961464450726785
"1843",0.24130256345283,0.0574879229856449,1.74795343558748,0.961464450726785,0.24130256345283,0.0574879229856449,1.74795343558748,0.961464450726785
"1844",0.234758403818809,-0.00276719114759014,1.74795343558748,0.961464450726785,0.234758403818809,-0.00276719114759014,1.74795343558748,0.961464450726785
"1845",0.158320659607829,-0.0510856835073783,1.74795343558748,0.961464450726785,0.158320659607829,-0.0510856835073783,1.74795343558748,0.961464450726785
"1846",0.0311324920959364,-0.0802816357540815,1.70271196027607,0.901366925961646,0.0311324920959364,-0.0802816357540815,1.70271196027607,0.901366925961646
"1847",-0.0916830406457985,-0.0856158826572966,-0.514120329982736,0.560814285625857,-0.0916830406457985,-0.0856158826572966,-0.514120329982736,0.560814285625857
"1848",-0.193693819524206,-0.0595492126289774,-0.514120329982736,0.560814285625857,-0.193693819524206,-0.0595492126289774,-0.514120329982736,0.560814285625857
"1849",-0.288731153765118,-0.00762552219535297,-0.514120329982736,0.560814285625857,-0.288731153765118,-0.00762552219535297,-0.514120329982736,0.560814285625857
"1850",-0.388188389841069,0.109850859276044,-0.514120329982736,0.560814285625857,-0.388188389841069,0.109850859276044,-0.514120329982736,0.560814285625857
"1851",-0.492865358942978,0.239025811166413,0.275899262338397,0.560814285625857,-0.492865358942978,0.239025811166413,0.275899262338397,0.560814285625857
"1852",-0.575555207529437,0.246122693814994,0.437710504139111,0.560814285625857,-0.575555207529437,0.246122693814994,0.437710504139111,0.560814285625857
"1853",-0.601450400020448,0.545309592741189,0.437710504139111,-0.132068883274049,-0.601450400020448,0.545309592741189,0.437710504139111,-0.132068883274049
"1854",-0.514281479514084,0.732117408180358,0.878435215937961,-0.401523448957346,-0.514281479514084,0.732117408180358,0.878435215937961,-0.401523448957346
"1855",-0.279044510600548,0.799267897480266,1.59751237729398,-0.401523448957346,-0.279044510600548,0.799267897480266,1.59751237729398,-0.401523448957346
"1856",0.0631062463811563,0.793350336003178,1.59751237729398,-0.401523448957346,0.0631062463811563,0.793350336003178,1.59751237729398,-0.401523448957346
"1857",0.440345984987933,0.776539911712463,1.59751237729398,-0.401523448957346,0.440345984987933,0.776539911712463,1.59751237729398,-0.401523448957346
"1858",0.781538548860618,0.76937069340407,1.34174512563607,-0.401523448957346,0.781538548860618,0.76937069340407,1.34174512563607,-0.401523448957346
"1859",1.0343515343389,0.751937210800787,0.574443370662349,-0.401523448957346,1.0343515343389,0.751937210800787,0.574443370662349,-0.401523448957346
"1860",1.20072556494964,0.725723706623621,0.574443370662349,-0.789609259112121,1.20072556494964,0.725723706623621,0.574443370662349,-0.789609259112121
"1861",1.29023308386854,0.668818871010356,0.574443370662349,-1.04833313254864,1.29023308386854,0.668818871010356,0.574443370662349,-1.04833313254864
"1862",1.31443899631273,0.564663186545306,0.574443370662349,-1.04833313254864,1.31443899631273,0.564663186545306,0.574443370662349,-1.04833313254864
"1863",1.30434169895858,0.457117633975726,0.427219929603817,-1.04833313254864,1.30434169895858,0.457117633975726,0.427219929603817,-1.04833313254864
"1864",1.28214394674161,0.346455453840809,-0.161673834630311,-1.04833313254864,1.28214394674161,0.346455453840809,-0.161673834630311,-1.04833313254864
"1865",1.25997267443142,0.226324584885502,-0.161673834630311,-1.04833313254864,1.25997267443142,0.226324584885502,-0.161673834630311,-1.04833313254864
"1866",1.2368613223035,0.110328316672842,-0.161673834630311,-1.04833313254864,1.2368613223035,0.110328316672842,-0.161673834630311,-1.04833313254864
"1867",1.20124696897737,0.0119578920667202,0.12960937452496,-1.10117616507549,1.20124696897737,0.0119578920667202,0.12960937452496,-1.10117616507549
"1868",1.13790435808211,-0.0688340562942125,1.1623407524391,-1.26851243474383,1.13790435808211,-0.0688340562942125,1.1623407524391,-1.26851243474383
"1869",1.05180075786465,-0.143541587677066,1.1623407524391,-1.26851243474383,1.05180075786465,-0.143541587677066,1.1623407524391,-1.26851243474383
"1870",0.947589731617631,-0.235548529608165,1.20918976709097,-1.26851243474383,0.947589731617631,-0.235548529608165,1.20918976709097,-1.26851243474383
"1871",0.826781841580507,-0.331271847443486,1.74795343558748,-1.26851243474383,0.826781841580507,-0.331271847443486,1.74795343558748,-1.26851243474383
"1872",0.691623739649096,-0.415639050605449,1.74795343558748,-1.26851243474383,0.691623739649096,-0.415639050605449,1.74795343558748,-1.26851243474383
"1873",0.533367482416273,-0.544471406610081,1.74795343558748,-1.26851243474383,0.533367482416273,-0.544471406610081,1.74795343558748,-1.26851243474383
"1874",0.371543855591596,-0.759329103704154,1.74795343558748,-1.19087387807964,0.371543855591596,-0.759329103704154,1.74795343558748,-1.19087387807964
"1875",0.280388975957141,-0.949448425562779,1.52100416661474,-0.945018448643029,0.280388975957141,-0.949448425562779,1.52100416661474,-0.945018448643029
"1876",0.289478139270585,-1.06785701912795,0.875071631846185,-0.945018448643029,0.289478139270585,-1.06785701912795,0.875071631846185,-0.945018448643029
"1877",0.398690245241616,-1.10859692052532,0.875071631846185,-0.945018448643029,0.398690245241616,-1.10859692052532,0.875071631846185,-0.945018448643029
"1878",0.571806129122696,-1.03823938525314,0.875071631846185,-0.945018448643029,0.571806129122696,-1.03823938525314,0.875071631846185,-0.945018448643029
"1879",0.759193820222926,-0.895989266522096,0.668715113177214,-0.945018448643029,0.759193820222926,-0.895989266522096,0.668715113177214,-0.945018448643029
"1880",0.908511513221283,-0.816032973710652,0.0813927138886033,-0.945018448643029,0.908511513221283,-0.816032973710652,0.0813927138886033,-0.945018448643029
"1881",0.990839613504634,-0.79919812766795,0.0813927138886033,-0.742262365233192,0.990839613504634,-0.79919812766795,0.0813927138886033,-0.742262365233192
"1882",1.00589822759573,-0.821663943966226,0.0813927138886033,-0.61263142665969,1.00589822759573,-0.821663943966226,0.0813927138886033,-0.61263142665969
"1883",0.96505473958293,-0.892136113858473,1.07259779031648,-0.61263142665969,0.96505473958293,-0.892136113858473,1.07259779031648,-0.61263142665969
"1884",0.891841419982126,-1.00751109419544,1.68011057909486,-0.61263142665969,0.891841419982126,-1.00751109419544,1.68011057909486,-0.61263142665969
"1885",0.809864890057256,-1.16146655678471,1.68011057909486,-0.61263142665969,0.809864890057256,-1.16146655678471,1.68011057909486,-0.61263142665969
"1886",0.720599657972749,-1.30574202727713,1.68011057909486,-0.61263142665969,0.720599657972749,-1.30574202727713,1.68011057909486,-0.61263142665969
"1887",0.622705771442299,-1.39812972992061,1.68011057909486,-0.459351858921277,0.622705771442299,-1.39812972992061,1.68011057909486,-0.459351858921277
"1888",0.534422711014322,-1.3682282655847,1.68011057909486,-0.209264143137553,0.534422711014322,-1.3682282655847,1.68011057909486,-0.209264143137553
"1889",0.467216017565192,-1.1936274068863,1.23425722658611,-0.209264143137553,0.467216017565192,-1.1936274068863,1.23425722658611,-0.209264143137553
"1890",0.420543068640246,-0.876454621022596,-1.10647287408482,-0.209264143137553,0.420543068640246,-0.876454621022596,-1.10647287408482,-0.209264143137553
"1891",0.394336758807959,-0.423665155691864,-1.10647287408482,-0.209264143137553,0.394336758807959,-0.423665155691864,-1.10647287408482,-0.209264143137553
"1892",0.381399297380197,0.0412729167040348,-1.10647287408482,-0.209264143137553,0.381399297380197,0.0412729167040348,-1.10647287408482,-0.209264143137553
"1893",0.366092444944716,0.4151599569573,-1.10647287408482,0.0511504768483073,0.366092444944716,0.4151599569573,-1.10647287408482,0.0511504768483073
"1894",0.342186609359493,0.658560399173856,-1.10647287408482,0.27298515313256,0.342186609359493,0.658560399173856,-1.10647287408482,0.27298515313256
"1895",0.298938797562923,0.784068360539114,-1.10647287408482,0.27298515313256,0.298938797562923,0.784068360539114,-1.10647287408482,0.27298515313256
"1896",0.243804008979398,0.823514123962757,-1.11838535619703,0.27298515313256,0.243804008979398,0.823514123962757,-1.11838535619703,0.27298515313256
"1897",0.266809355226413,0.808511357767376,-1.14050853726255,0.27298515313256,0.266809355226413,0.808511357767376,-1.14050853726255,0.27298515313256
"1898",0.409435222139885,0.771751365774286,-1.14050853726255,0.27298515313256,0.409435222139885,0.771751365774286,-1.14050853726255,0.27298515313256
"1899",0.621963989037261,0.740385773496254,0.130414730791463,0.455233196905917,0.621963989037261,0.740385773496254,0.130414730791463,0.455233196905917
"1900",0.841565219897828,0.706311571619067,1.74795343558748,0.480085202875011,0.841565219897828,0.706311571619067,1.74795343558748,0.480085202875011
"1901",1.01888951137474,0.640227455223385,1.74795343558748,0.480085202875011,1.01888951137474,0.640227455223385,1.74795343558748,0.480085202875011
"1902",1.11537504638084,0.520270658985369,1.74795343558748,0.480085202875011,1.11537504638084,0.520270658985369,1.74795343558748,0.480085202875011
"1903",1.12385637939099,0.370483669006319,1.62459684489487,0.480085202875011,1.12385637939099,0.370483669006319,1.62459684489487,0.480085202875011
"1904",1.08089510261181,0.232603002506268,0.377324650114111,0.545043588311791,1.08089510261181,0.232603002506268,0.377324650114111,0.545043588311791
"1905",1.02649165972739,0.131867479768859,0.377324650114111,0.671139277689071,1.02649165972739,0.131867479768859,0.377324650114111,0.671139277689071
"1906",0.981350577722615,0.0965374075140219,0.377324650114111,0.671139277689071,0.981350577722615,0.0965374075140219,0.377324650114111,0.671139277689071
"1907",0.957357712085452,0.105358527514448,0.377324650114111,0.671139277689071,0.957357712085452,0.105358527514448,0.377324650114111,0.671139277689071
"1908",0.959921777847608,0.0903619461697991,0.377324650114111,0.671139277689071,0.959921777847608,0.0903619461697991,0.377324650114111,0.671139277689071
"1909",0.976764982399196,0.0573738489260635,0.0209913112201609,0.671139277689071,0.976764982399196,0.0573738489260635,0.0209913112201609,0.671139277689071
"1910",0.995783593234208,0.00999588364064504,-0.206828364466135,0.627806587529116,0.995783593234208,0.00999588364064504,-0.206828364466135,0.627806587529116
"1911",1.0222820445788,-0.0471139723002597,-0.206828364466135,0.61558454671477,1.0222820445788,-0.0471139723002597,-0.206828364466135,0.61558454671477
"1912",1.06611448441507,-0.108140277526709,-0.206828364466135,0.61558454671477,1.06611448441507,-0.108140277526709,-0.206828364466135,0.61558454671477
"1913",1.1200813969795,-0.179635984159123,-0.198696741264639,0.61558454671477,1.1200813969795,-0.179635984159123,-0.198696741264639,0.61558454671477
"1914",1.14305586437756,-0.249388067389435,0.0642257422503877,0.61558454671477,1.14305586437756,-0.249388067389435,0.0642257422503877,0.61558454671477
"1915",1.06182948347322,-0.251577663374184,0.0642257422503877,0.61558454671477,1.06182948347322,-0.251577663374184,0.0642257422503877,0.61558454671477
"1916",0.873022917888938,-0.0392463189788324,0.0642257422503877,0.262252178791569,0.873022917888938,-0.0392463189788324,0.0642257422503877,0.262252178791569
"1917",0.704948049226463,0.307115197243935,0.0642257422503877,0.222993026800102,0.704948049226463,0.307115197243935,0.0642257422503877,0.222993026800102
"1918",0.477731818201812,0.634801720176972,0.640014221296746,0.222993026800102,0.477731818201812,0.634801720176972,0.640014221296746,0.222993026800102
"1919",0.154903716587416,0.87244855709581,0.696960334609023,0.222993026800102,0.154903716587416,0.87244855709581,0.696960334609023,0.222993026800102
"1920",-0.0326578621091569,0.998827567155208,0.696960334609023,0.222993026800102,-0.0326578621091569,0.998827567155208,0.696960334609023,0.222993026800102
"1921",0.0904955266419418,1.00286196771039,1.53690693834525,0.222993026800102,0.0904955266419418,1.00286196771039,1.53690693834525,0.222993026800102
"1922",0.416845369604903,0.921840612725278,1.69689676762835,-0.0287128364108456,0.416845369604903,0.921840612725278,1.69689676762835,-0.0287128364108456
"1923",0.79319738443114,0.813274213218326,1.69689676762835,-0.563587795734109,0.79319738443114,0.813274213218326,1.69689676762835,-0.563587795734109
"1924",1.1049593863689,0.678485708621054,1.69689676762835,-0.563587795734109,1.1049593863689,0.678485708621054,1.69689676762835,-0.563587795734109
"1925",1.31210954079961,0.52626380270177,1.69689676762835,-0.563587795734109,1.31210954079961,0.52626380270177,1.69689676762835,-0.563587795734109
"1926",1.42911381217425,0.374703367502586,1.27192378359513,-0.563587795734109,1.42911381217425,0.374703367502586,1.27192378359513,-0.563587795734109
"1927",1.49507551873567,0.229678978853731,0.607222449594468,-0.563587795734109,1.49507551873567,0.229678978853731,0.607222449594468,-0.563587795734109
"1928",1.53685132372709,0.109638079856964,0.607222449594468,-0.563587795734109,1.53685132372709,0.109638079856964,0.607222449594468,-0.563587795734109
"1929",1.5683913078129,0.0368637814617322,0.548193452699321,-0.606224161897616,1.5683913078129,0.0368637814617322,0.548193452699321,-0.606224161897616
"1930",1.59522174991063,0.00659599084603068,0.478898543300671,-1.17267874092706,1.59522174991063,0.00659599084603068,0.478898543300671,-1.17267874092706
"1931",1.61500034269573,-0.021497899478624,0.478898543300671,-1.17267874092706,1.61500034269573,-0.021497899478624,0.478898543300671,-1.17267874092706
"1932",1.62447540536733,-0.0941208932551073,0.478898543300671,-1.17267874092706,1.62447540536733,-0.0941208932551073,0.478898543300671,-1.17267874092706
"1933",1.61672705687788,-0.202755834408339,0.525970950707316,-1.17267874092706,1.61672705687788,-0.202755834408339,0.525970950707316,-1.17267874092706
"1934",1.58614336831819,-0.307265003646632,1.06730363588373,-1.17267874092706,1.58614336831819,-0.307265003646632,1.06730363588373,-1.17267874092706
"1935",1.5397761890009,-0.406679332024033,1.06730363588373,-1.17267874092706,1.5397761890009,-0.406679332024033,1.06730363588373,-1.17267874092706
"1936",1.49689202309034,-0.54138645538373,1.15414756930234,-1.17267874092706,1.49689202309034,-0.54138645538373,1.15414756930234,-1.17267874092706
"1937",1.48624873938457,-0.674558577270108,1.50152330297679,-1.25763447610493,1.48624873938457,-0.674558577270108,1.50152330297679,-1.25763447610493
"1938",1.5033354383233,-0.725907412921911,1.50152330297679,-1.30752911422527,1.5033354383233,-0.725907412921911,1.50152330297679,-1.30752911422527
"1939",1.52374040597182,-0.711533941274541,1.50152330297679,-1.30752911422527,1.52374040597182,-0.711533941274541,1.50152330297679,-1.30752911422527
"1940",1.54230825461512,-0.663702575979992,1.50152330297679,-1.30752911422527,1.54230825461512,-0.663702575979992,1.50152330297679,-1.30752911422527
"1941",1.54780882990977,-0.582936319974821,1.35843072396606,-1.30752911422527,1.54780882990977,-0.582936319974821,1.35843072396606,-1.30752911422527
"1942",1.53377723943458,-0.506173166564172,1.08066277647465,-1.30752911422527,1.53377723943458,-0.506173166564172,1.08066277647465,-1.30752911422527
"1943",1.53554319908118,-0.470513858448594,1.08066277647465,-1.30752911422527,1.53554319908118,-0.470513858448594,1.08066277647465,-1.30752911422527
"1944",1.56073982230494,-0.465254726650951,1.08066277647465,-1.2114659273093,1.56073982230494,-0.465254726650951,1.08066277647465,-1.2114659273093
"1945",1.59464057202166,-0.503684464844985,0.946779436851805,-1.09869609919055,1.59464057202166,-0.503684464844985,0.946779436851805,-1.09869609919055
"1946",1.62624852407668,-0.601916664577109,-0.258170619753811,-1.09869609919055,1.62624852407668,-0.601916664577109,-0.258170619753811,-1.09869609919055
"1947",1.63647416703765,-0.753670946264846,-0.258170619753811,-1.09869609919055,1.63647416703765,-0.753670946264846,-0.258170619753811,-1.09869609919055
"1948",1.62795634868362,-0.976306466861929,-0.258170619753811,-1.09869609919055,1.62795634868362,-0.976306466861929,-0.258170619753811,-1.09869609919055
"1949",1.6108151373635,-1.19685352592922,-0.258170619753811,-1.09869609919055,1.6108151373635,-1.19685352592922,-0.258170619753811,-1.09869609919055
"1950",1.58795944140401,-1.40411562839269,-0.258170619753811,-0.959892282931764,1.58795944140401,-1.40411562839269,-0.258170619753811,-0.959892282931764
"1951",1.56109760293471,-1.86956838874455,-0.427097428504902,-0.231172247573119,1.56109760293471,-1.86956838874455,-0.427097428504902,-0.231172247573119
"1952",1.53654909052392,-2.52249962377637,-0.514120329982736,-0.231172247573119,1.53654909052392,-2.52249962377637,-0.514120329982736,-0.231172247573119
"1953",1.51585137758671,-3.09809551327805,-0.514120329982736,-0.231172247573119,1.51585137758671,-3.09809551327805,-0.514120329982736,-0.231172247573119
"1954",1.49403020932095,-0.519324249250838,-0.514120329982736,-0.231172247573119,1.49403020932095,-0.519324249250838,-0.514120329982736,-0.231172247573119
"1955",1.46366215518133,-0.169156640234872,-0.514120329982736,-0.231172247573119,1.46366215518133,-0.169156640234872,-0.514120329982736,-0.231172247573119
"1956",1.40028245516582,-0.169156640234872,-0.514120329982736,-0.231172247573119,1.40028245516582,-0.169156640234872,-0.514120329982736,-0.231172247573119
"1957",1.29033788219669,-0.169156640234872,-0.514120329982736,-0.453858144998461,1.29033788219669,-0.169156640234872,-0.514120329982736,-0.453858144998461
"1958",1.14750422995604,-0.169156640234872,-0.999849416146446,-0.651334318186972,1.14750422995604,-0.169156640234872,-0.999849416146446,-0.651334318186972
"1959",0.990074111313389,-0.169156640234872,-1.10647287408482,-0.651334318186972,0.990074111313389,-0.169156640234872,-1.10647287408482,-0.651334318186972
"1960",0.829809348838276,-0.169156640234872,-1.10647287408482,-0.651334318186972,0.829809348838276,-0.169156640234872,-1.10647287408482,-0.651334318186972
"1961",0.657888855928289,-0.169156640234872,-1.10647287408482,-0.651334318186972,0.657888855928289,-0.169156640234872,-1.10647287408482,-0.651334318186972
"1962",0.480572068529193,-0.169156640234872,-1.10647287408482,-0.651334318186972,0.480572068529193,-0.169156640234872,-1.10647287408482,-0.651334318186972
"1963",0.321023126074939,-0.169156640234872,-1.10647287408482,0.265691009507333,0.321023126074939,-0.169156640234872,-1.10647287408482,0.265691009507333
"1964",0.184901397047125,-0.169156640234872,-0.9083691311085,0.440362500496725,0.184901397047125,-0.169156640234872,-0.9083691311085,0.440362500496725
"1965",0.0574549857537567,-0.169156640234872,0.417402071886878,0.440362500496725,0.0574549857537567,-0.169156640234872,0.417402071886878,0.440362500496725
"1966",-0.0536446114230225,-0.169156640234872,1.62577409932699,0.440362500496725,-0.0536446114230225,-0.169156640234872,1.62577409932699,0.440362500496725
"1967",-0.114923428410689,-0.169156640234872,1.73084992780005,0.440362500496725,-0.114923428410689,-0.169156640234872,1.73084992780005,0.440362500496725
"1968",-0.136280896419536,-0.169156640234872,1.73084992780005,0.599365988411593,-0.136280896419536,-0.169156640234872,1.73084992780005,0.599365988411593
"1969",-0.169069231290009,-0.169156640234872,1.73084992780005,0.828175885654938,-0.169069231290009,-0.169156640234872,1.73084992780005,0.828175885654938
"1970",-0.231958578634286,-0.169156640234872,1.73084992780005,0.828175885654938,-0.231958578634286,-0.169156640234872,1.73084992780005,0.828175885654938
"1971",-0.282540375818706,-0.169156640234872,1.73084992780005,0.828175885654938,-0.282540375818706,-0.169156640234872,1.73084992780005,0.828175885654938
"1972",-0.277085946289945,-0.169156640234872,1.73084992780005,0.828175885654938,-0.277085946289945,-0.169156640234872,1.73084992780005,0.828175885654938
"1973",-0.197931553401169,-0.169156640234872,0.0606073825296222,0.879805414584534,-0.197931553401169,-0.169156640234872,0.0606073825296222,0.879805414584534
"1974",-0.0855498802164287,-0.169156640234872,-1.54413545508314,1.11500660193047,-0.0855498802164287,-0.169156640234872,-1.54413545508314,1.11500660193047
"1975",-0.0252628090535441,-0.169156640234872,-1.54413545508314,1.11500660193047,-0.0252628090535441,-0.169156640234872,-1.54413545508314,1.11500660193047
"1976",-0.0838781959382857,-0.169156640234872,-1.18762191058488,1.11500660193047,-0.0838781959382857,-0.169156640234872,-1.18762191058488,1.11500660193047
"1977",-0.266675375250319,-0.169156640234872,1.69689676762835,1.11500660193047,-0.266675375250319,-0.169156640234872,1.69689676762835,1.11500660193047
"1978",-0.52436540753419,-0.169156640234872,1.69689676762835,1.14340441178152,-0.52436540753419,-0.169156640234872,1.69689676762835,1.14340441178152
"1979",-0.793874189874505,-0.169156640234872,1.69689676762835,1.37316850966727,-0.793874189874505,-0.169156640234872,1.69689676762835,1.37316850966727
"1980",-1.03307822834093,-0.169156640234872,1.74591116886911,1.37316850966727,-1.03307822834093,-0.169156640234872,1.74591116886911,1.37316850966727
"1981",-1.24318731828383,-0.169156640234872,1.74795343558748,1.37316850966727,-1.24318731828383,-0.169156640234872,1.74795343558748,1.37316850966727
"1982",-1.44402826834463,-0.169156640234872,1.74795343558748,1.37316850966727,-1.44402826834463,-0.169156640234872,1.74795343558748,1.37316850966727
"1983",-1.62248688312488,-0.169156640234872,1.74795343558748,1.39937693538365,-1.62248688312488,-0.169156640234872,1.74795343558748,1.39937693538365
"1984",-1.79076229179802,-0.169156640234872,1.16503923537462,1.56037155049852,-1.79076229179802,-0.169156640234872,1.16503923537462,1.56037155049852
"1985",-1.96938763511186,-0.201151424217188,1.05400795914359,1.56037155049852,-1.96938763511186,-0.201151424217188,1.05400795914359,1.56037155049852
"1986",-2.135374817573,-2.98804188695303,1.05400795914359,1.56037155049852,-2.135374817573,-2.98804188695303,1.05400795914359,1.56037155049852
"1987",-2.24368401910031,-2.09140697917929,1.06222176803186,1.04514880850769,-2.24368401910031,-2.09140697917929,1.06222176803186,1.04514880850769
"1988",-2.28157340181194,-1.16003647354965,1.21828413690892,0.129197267190673,-2.28157340181194,-1.16003647354965,1.21828413690892,0.129197267190673
"1989",-2.2610068808559,-0.49995351436804,1.21828413690892,0.129197267190673,-2.2610068808559,-0.49995351436804,1.21828413690892,0.129197267190673
"1990",-2.23316209444616,-0.203884756520502,1.21828413690892,0.129197267190673,-2.23316209444616,-0.203884756520502,1.21828413690892,0.129197267190673
"1991",-2.26133041873978,-0.448023797909155,1.21828413690892,0.129197267190673,-2.26133041873978,-0.448023797909155,1.21828413690892,0.129197267190673
"1992",-2.34850796462294,-1.07351956762443,1.21828413690892,0.129197267190673,-2.34850796462294,-1.07351956762443,1.21828413690892,0.129197267190673
"1993",-2.44673116803972,-1.84758456104036,1.21828413690892,0.14335612217981,-2.44673116803972,-1.84758456104036,1.21828413690892,0.14335612217981
"1994",-2.52390068921865,-2.63054564942218,-0.385012264348599,0.161376483075074,-2.52390068921865,-2.63054564942218,-0.385012264348599,0.161376483075074
"1995",-1.39691634942175,-3.17750909010906,-1.00851642039319,0.161376483075074,-1.39691634942175,-3.17750909010906,-1.00851642039319,0.161376483075074
"1996",-0.0185642767596686,-0.265142393583042,-1.00851642039319,0.161376483075074,-0.0185642767596686,-0.265142393583042,-1.00851642039319,0.161376483075074
"1997",-0.0185642767596686,-0.169156640234872,0.755624287434436,0.161376483075074,-0.0185642767596686,-0.169156640234872,0.755624287434436,0.161376483075074
"1998",-0.0185642767596686,-0.169156640234872,1.74795343558748,1.28677698065281,-0.0185642767596686,-0.169156640234872,1.74795343558748,1.28677698065281
"1999",-0.0185642767596686,-0.169156640234872,1.74795343558748,1.86652875213225,-0.0185642767596686,-0.169156640234872,1.74795343558748,1.86652875213225
"2000",-1.65188616794116,-0.733823187111602,1.74795343558748,1.86652875213225,-1.65188616794116,-0.733823187111602,1.74795343558748,1.86652875213225
"2001",-2.04995831487165,-2.82288469739185,1.74795343558748,1.86652875213225,-2.04995831487165,-2.82288469739185,1.74795343558748,1.86652875213225
"2002",-1.48859248514884,-1.92414264273866,1.74795343558748,1.86652875213225,-1.48859248514884,-1.92414264273866,1.74795343558748,1.86652875213225
"2003",-0.902620439244419,-1.0921403126728,1.74795343558748,1.99108260160752,-0.902620439244419,-1.0921403126728,1.74795343558748,1.99108260160752
"2004",-0.337880275862601,-0.431096646239208,1.74795343558748,1.9990328473187,-0.337880275862601,-0.431096646239208,1.74795343558748,1.9990328473187
"2005",0.148857758717523,0.0153777781854544,1.74795343558748,1.9990328473187,0.148857758717523,0.0153777781854544,1.74795343558748,1.9990328473187
"2006",0.485565040399006,0.235233105608891,1.55396982926818,1.9990328473187,0.485565040399006,0.235233105608891,1.55396982926818,1.9990328473187
"2007",0.659860444557864,0.33200859548271,-0.191882627605507,1.9990328473187,0.659860444557864,0.33200859548271,-0.191882627605507,1.9990328473187
"2008",0.706871767014782,0.3981599651231,-0.191882627605507,1.9990328473187,0.706871767014782,0.3981599651231,-0.191882627605507,1.9990328473187
"2009",0.676943865853408,0.452914873748913,-0.191882627605507,1.9990328473187,0.676943865853408,0.452914873748913,-0.191882627605507,1.9990328473187
"2010",0.602947707053986,0.500355322843543,-0.191882627605507,1.9990328473187,0.602947707053986,0.500355322843543,-0.191882627605507,1.9990328473187
"2011",0.514483341205616,0.533812207481842,-0.372272277085967,1.9990328473187,0.514483341205616,0.533812207481842,-0.372272277085967,1.9990328473187
"2012",0.439108933446881,0.547901208694882,-0.404105744641342,1.98963275862843,0.439108933446881,0.547901208694882,-0.404105744641342,1.98963275862843
"2013",0.382631173695167,0.615814401267929,-0.404105744641342,1.97984899284876,0.382631173695167,0.615814401267929,-0.404105744641342,1.97984899284876
"2014",0.334326821001747,0.714649787443273,-0.404105744641342,1.97984899284876,0.334326821001747,0.714649787443273,-0.404105744641342,1.97984899284876
"2015",0.275448360124521,0.804551049294878,-0.404105744641342,1.97984899284876,0.275448360124521,0.804551049294878,-0.404105744641342,1.97984899284876
"2016",0.221266158155093,0.820049976922052,-0.393443183070412,1.97984899284876,0.221266158155093,0.820049976922052,-0.393443183070412,1.97984899284876
"2017",0.194344804585857,0.728268375636332,-0.383987703941474,1.72025221837614,0.194344804585857,0.728268375636332,-0.383987703941474,1.72025221837614
"2018",0.227996625928054,0.597085159736842,-0.383987703941474,1.3898563235928,0.227996625928054,0.597085159736842,-0.383987703941474,1.3898563235928
"2019",0.32199218715873,0.43685425984008,-0.383987703941474,1.3898563235928,0.32199218715873,0.43685425984008,-0.383987703941474,1.3898563235928
"2020",0.432256502845929,0.287707359869799,-0.383987703941474,1.3898563235928,0.432256502845929,0.287707359869799,-0.383987703941474,1.3898563235928
"2021",0.512680119931231,0.189827145411608,-0.385829424891349,1.3898563235928,0.512680119931231,0.189827145411608,-0.385829424891349,1.3898563235928
"2022",0.559705156737266,0.15281469098813,-0.476073751435193,1.3898563235928,0.559705156737266,0.15281469098813,-0.476073751435193,1.3898563235928
"2023",0.56922593390592,0.126551451081547,-0.476073751435193,0.757425259846229,0.56922593390592,0.126551451081547,-0.476073751435193,0.757425259846229
"2024",0.539742412157424,0.0859836884677845,-0.476073751435193,0.173642739464779,0.539742412157424,0.0859836884677845,-0.476073751435193,0.173642739464779
"2025",0.471649374988042,0.0314952936552929,-0.476073751435193,0.173642739464779,0.471649374988042,0.0314952936552929,-0.476073751435193,0.173642739464779
"2026",0.375563539942986,-0.0496271985408555,-0.476073751435193,0.173642739464779,0.375563539942986,-0.0496271985408555,-0.476073751435193,0.173642739464779
"2027",0.27665884550502,-0.172592074476785,-0.476073751435193,0.173642739464779,0.27665884550502,-0.172592074476785,-0.476073751435193,0.173642739464779
"2028",0.192526833917139,-0.272579622667913,-0.817180430733001,0.173642739464779,0.192526833917139,-0.272579622667913,-0.817180430733001,0.173642739464779
"2029",0.115337991894176,-0.332830065463737,-0.827730121845305,0.173642739464779,0.115337991894176,-0.332830065463737,-0.827730121845305,0.173642739464779
"2030",0.0162210269330942,-0.377337914330345,-0.827730121845305,0.173642739464779,0.0162210269330942,-0.377337914330345,-0.827730121845305,0.173642739464779
"2031",-0.110466782470471,-0.42750550889098,-0.827730121845305,-1.05617469352298,-0.110466782470471,-0.42750550889098,-0.827730121845305,-1.05617469352298
"2032",-0.242076921907835,-0.460400880087103,-0.827730121845305,-1.60870136631458,-0.242076921907835,-0.460400880087103,-0.827730121845305,-1.60870136631458
"2033",-0.320949868751536,-0.510548528036992,-0.827730121845305,-1.60870136631458,-0.320949868751536,-0.510548528036992,-0.827730121845305,-1.60870136631458
"2034",-0.343484096917585,-0.627343174526599,-0.913496692932936,-1.60870136631458,-0.343484096917585,-0.627343174526599,-0.913496692932936,-1.60870136631458
"2035",-0.339633556205297,-0.778737109246436,-0.961740389169728,-1.60870136631458,-0.339633556205297,-0.778737109246436,-0.961740389169728,-1.60870136631458
"2036",-0.335964320913404,-0.919736664239132,-0.961740389169728,-1.60870136631458,-0.335964320913404,-0.919736664239132,-0.961740389169728,-1.60870136631458
"2037",-0.377111853458502,-1.01334736973024,-0.961740389169728,-1.60870136631458,-0.377111853458502,-1.01334736973024,-0.961740389169728,-1.60870136631458
"2038",-0.465915800391597,-1.05275743479339,-0.961740389169728,-1.60870136631458,-0.465915800391597,-1.05275743479339,-0.961740389169728,-1.60870136631458
"2039",-0.562517432969458,-1.05788091095261,-0.961740389169728,-1.66762047468098,-0.562517432969458,-1.05788091095261,-0.961740389169728,-1.66762047468098
"2040",-0.629923717637804,-1.05921144798744,-0.929087476372975,-2.06192527682533,-0.629923717637804,-1.05921144798744,-0.929087476372975,-2.06192527682533
"2041",-0.660387599713701,-1.0558390226568,-0.893713487509826,-2.06192527682533,-0.660387599713701,-1.0558390226568,-0.893713487509826,-2.06192527682533
"2042",-0.678164932573028,-1.05338927989163,-0.893713487509826,-2.06192527682533,-0.678164932573028,-1.05338927989163,-0.893713487509826,-2.06192527682533
"2043",-0.69990571232699,-1.05703418433346,-0.893713487509826,-2.06192527682533,-0.69990571232699,-1.05703418433346,-0.893713487509826,-2.06192527682533
"2044",-0.733753157215074,-1.07578488598861,-0.893713487509826,-2.06192527682533,-0.733753157215074,-1.07578488598861,-0.893713487509826,-2.06192527682533
"2045",-0.77058110105735,-1.09218483051833,-0.893713487509826,-2.06192527682533,-0.77058110105735,-1.09218483051833,-0.893713487509826,-2.06192527682533
"2046",-0.807504096551993,-1.11098107771324,-0.857803102179815,-2.06192527682533,-0.807504096551993,-1.11098107771324,-0.857803102179815,-2.06192527682533
"2047",-0.853081622622989,-1.13246320377947,-0.812098975396164,-1.60155484565869,-0.853081622622989,-1.13246320377947,-0.812098975396164,-1.60155484565869
"2048",-0.907911417882768,-1.13614547892059,-0.812098975396164,-1.3536630750305,-0.907911417882768,-1.13614547892059,-0.812098975396164,-1.3536630750305
"2049",-0.953862681530627,-1.13835922571976,-0.812098975396164,-1.3536630750305,-0.953862681530627,-1.13835922571976,-0.812098975396164,-1.3536630750305
"2050",-0.958266798926116,-1.11158536192076,-0.812098975396164,-1.3536630750305,-0.958266798926116,-1.11158536192076,-0.812098975396164,-1.3536630750305
"2051",-0.901307053118663,-1.02662667401579,-0.812098975396164,-1.3536630750305,-0.901307053118663,-1.02662667401579,-0.812098975396164,-1.3536630750305
"2052",-0.820504954499256,-0.909714730243785,-0.68823181802397,-1.3536630750305,-0.820504954499256,-0.909714730243785,-0.68823181802397,-1.3536630750305
"2053",-0.737101528489905,-0.787159063465076,-0.635145893435887,-1.3536630750305,-0.737101528489905,-0.787159063465076,-0.635145893435887,-1.3536630750305
"2054",-0.658860304243237,-0.681304362198863,-0.635145893435887,-1.3536630750305,-0.658860304243237,-0.681304362198863,-0.635145893435887,-1.3536630750305
"2055",-0.620535598764377,-0.600423938707363,-0.635145893435887,-1.48370700134094,-0.620535598764377,-0.600423938707363,-0.635145893435887,-1.48370700134094
"2056",-0.655396352919248,-0.546729671254774,-0.635145893435887,-1.48772897844333,-0.655396352919248,-0.546729671254774,-0.635145893435887,-1.48772897844333
"2057",-0.737865219352021,-0.530292589592636,-0.635145893435887,-1.48772897844333,-0.737865219352021,-0.530292589592636,-0.635145893435887,-1.48772897844333
"2058",-0.827872406349101,-0.542529811928493,-0.645161123728777,-1.48772897844333,-0.827872406349101,-0.542529811928493,-0.645161123728777,-1.48772897844333
"2059",-0.909798995342284,-0.565707072914493,-0.646791510055527,-1.48772897844333,-0.909798995342284,-0.565707072914493,-0.646791510055527,-1.48772897844333
"2060",-0.978516596045953,-0.592614583676827,-0.646791510055527,-1.48772897844333,-0.978516596045953,-0.592614583676827,-0.646791510055527,-1.48772897844333
"2061",-1.04821852475035,-0.625703768662141,-0.646791510055527,-1.48772897844333,-1.04821852475035,-0.625703768662141,-0.646791510055527,-1.48772897844333
"2062",-1.13601494141912,-0.66301546896018,-0.646791510055527,-1.38435153694688,-1.13601494141912,-0.66301546896018,-0.646791510055527,-1.38435153694688
"2063",-1.21810696513938,-0.703171172900902,-0.642070751514645,-1.29976999390434,-1.21810696513938,-0.703171172900902,-0.642070751514645,-1.29976999390434
"2064",-1.27697197042879,-0.7521966254645,-0.62930721916337,-1.29976999390434,-1.27697197042879,-0.7521966254645,-0.62930721916337,-1.29976999390434
"2065",-1.32063656043247,-0.755389064164683,-0.62930721916337,-1.29976999390434,-1.32063656043247,-0.755389064164683,-0.62930721916337,-1.29976999390434
"2066",-1.36961464130795,-0.648584353009156,-0.62930721916337,-1.29976999390434,-1.36961464130795,-0.648584353009156,-0.62930721916337,-1.29976999390434
"2067",-1.41644750471882,-0.426921218007588,-0.62930721916337,-1.29976999390434,-1.41644750471882,-0.426921218007588,-0.62930721916337,-1.29976999390434
"2068",-1.44423346605877,-0.130538919993011,-0.62930721916337,-1.29976999390434,-1.44423346605877,-0.130538919993011,-0.62930721916337,-1.29976999390434
"2069",-1.45652825066096,0.172416416892855,-0.633043970697781,-1.11763534168715,-1.45652825066096,0.172416416892855,-0.633043970697781,-1.11763534168715
"2070",-1.45899407338133,0.42021358727955,-0.635145893435887,-0.962483600909533,-1.45899407338133,0.42021358727955,-0.635145893435887,-0.962483600909533
"2071",-1.44629173972521,0.584971984765939,-0.635145893435887,-0.962483600909533,-1.44629173972521,0.584971984765939,-0.635145893435887,-0.962483600909533
"2072",-1.3716200414146,0.666060380870323,-0.635145893435887,-0.962483600909533,-1.3716200414146,0.666060380870323,-0.635145893435887,-0.962483600909533
"2073",-1.15116334568273,0.709750077688722,-0.635145893435887,-0.962483600909533,-1.15116334568273,0.709750077688722,-0.635145893435887,-0.962483600909533
"2074",-0.715341427891904,0.79969983736533,-0.635145893435887,-0.962483600909533,-0.715341427891904,0.79969983736533,-0.635145893435887,-0.962483600909533
"2075",-0.147542360880755,0.900287275502266,-0.640751020737503,-0.926821671235236,-0.147542360880755,0.900287275502266,-0.640751020737503,-0.926821671235236
"2076",0.409672161240656,0.972296130352436,-0.640984567708404,-0.453027462705279,0.409672161240656,0.972296130352436,-0.640984567708404,-0.453027462705279
"2077",0.857169044056628,0.983726422593948,-0.640984567708404,-0.453027462705279,0.857169044056628,0.983726422593948,-0.640984567708404,-0.453027462705279
"2078",1.14781224216167,0.909332578805542,-0.640984567708404,-0.453027462705279,1.14781224216167,0.909332578805542,-0.640984567708404,-0.453027462705279
"2079",1.30208857803017,0.748448838204267,-0.640984567708404,-0.453027462705279,1.30208857803017,0.748448838204267,-0.640984567708404,-0.453027462705279
"2080",1.37070871197596,0.562935408319703,-0.527282732636214,-0.453027462705279,1.37070871197596,0.562935408319703,-0.527282732636214,-0.453027462705279
"2081",1.4001694627297,0.409169634728695,-0.404105744641342,-0.453027462705279,1.4001694627297,0.409169634728695,-0.404105744641342,-0.453027462705279
"2082",1.4158094272173,0.304921238230045,-0.404105744641342,-0.371815645713143,1.4158094272173,0.304921238230045,-0.404105744641342,-0.371815645713143
"2083",1.42281271565854,0.246505369775719,-0.404105744641342,-0.338644621871285,1.42281271565854,0.246505369775719,-0.404105744641342,-0.338644621871285
"2084",1.41873489626749,0.212655177212747,-0.404105744641342,-0.338644621871285,1.41873489626749,0.212655177212747,-0.404105744641342,-0.338644621871285
"2085",1.41849554206122,0.177772385515032,-0.396354904544576,-0.338644621871285,1.41849554206122,0.177772385515032,-0.396354904544576,-0.338644621871285
"2086",1.41860353177879,0.12300179520953,-0.370406439872793,-0.338644621871285,1.41860353177879,0.12300179520953,-0.370406439872793,-0.338644621871285
"2087",1.41172142988163,0.0603291238258806,-0.370406439872793,-0.338644621871285,1.41172142988163,0.0603291238258806,-0.370406439872793,-0.338644621871285
"2088",1.39747722386825,0.00668745563254182,-0.370406439872793,-0.284175026694808,1.39747722386825,0.00668745563254182,-0.370406439872793,-0.284175026694808
"2089",1.38178231573042,-0.0234150630655518,-0.370406439872793,-0.220232458444161,1.38178231573042,-0.0234150630655518,-0.370406439872793,-0.220232458444161
"2090",1.3652710156782,-0.016407029254532,-0.370406439872793,-0.220232458444161,1.3652710156782,-0.016407029254532,-0.370406439872793,-0.220232458444161
"2091",1.34573082830793,0.000541563854131845,-0.516227329828905,-0.220232458444161,1.34573082830793,0.000541563854131845,-0.516227329828905,-0.220232458444161
"2092",1.32695622938266,0.00450150329097417,-0.581741062997593,-0.220232458444161,1.32695622938266,0.00450150329097417,-0.581741062997593,-0.220232458444161
"2093",1.31665175047771,0.00303045242681538,-0.581741062997593,-0.220232458444161,1.31665175047771,0.00303045242681538,-0.581741062997593,-0.220232458444161
"2094",1.30791303622376,0.00219498373082356,-0.581741062997593,-0.202315522839119,1.30791303622376,0.00219498373082356,-0.581741062997593,-0.202315522839119
"2095",1.29158390412962,0.00257247450702204,-0.581741062997593,-0.153873437684743,1.29158390412962,0.00257247450702204,-0.581741062997593,-0.153873437684743
"2096",1.26886440286985,-0.00510533566201443,-0.581741062997593,-0.153873437684743,1.26886440286985,-0.00510533566201443,-0.581741062997593,-0.153873437684743
"2097",1.24521551725958,-0.0501035348166749,-0.711403421904514,-0.153873437684743,1.24521551725958,-0.0501035348166749,-0.711403421904514,-0.153873437684743
"2098",1.2254638356501,-0.140262729234776,-0.769657525181537,-0.153873437684743,1.2254638356501,-0.140262729234776,-0.769657525181537,-0.153873437684743
"2099",1.19614824998796,-0.221492288484389,-0.769657525181537,-0.153873437684743,1.19614824998796,-0.221492288484389,-0.769657525181537,-0.153873437684743
"2100",1.13900961386562,-0.242116243154805,-0.769657525181537,-0.126541080568939,1.13900961386562,-0.242116243154805,-0.769657525181537,-0.126541080568939
"2101",1.04362243434158,-0.196493252621398,-0.769657525181537,-0.0172116521057271,1.04362243434158,-0.196493252621398,-0.769657525181537,-0.0172116521057271
"2102",0.940122139143106,-0.115978174428827,-0.769657525181537,-0.0172116521057271,0.940122139143106,-0.115978174428827,-0.769657525181537,-0.0172116521057271
"2103",0.855505467632679,-0.0157913002703627,-0.769657525181537,-0.0172116521057271,0.855505467632679,-0.0157913002703627,-0.769657525181537,-0.0172116521057271
"2104",0.778009562195537,0.0896645622076821,-1.03537762216701,-0.0172116521057271,0.778009562195537,0.0896645622076821,-1.03537762216701,-0.0172116521057271
"2105",0.697825213062744,0.193094699217363,-1.07161218084685,-0.0172116521057271,0.697825213062744,0.193094699217363,-1.07161218084685,-0.0172116521057271
"2106",0.630528901948633,0.28698746006136,-1.07161218084685,-0.0213649922561922,0.630528901948633,0.28698746006136,-1.07161218084685,-0.0213649922561922
"2107",0.561393142977566,0.35438733805164,-1.07161218084685,-0.0633598759997834,0.561393142977566,0.35438733805164,-1.07161218084685,-0.0633598759997834
"2108",0.474167985014448,0.390652845623069,-1.07161218084685,-0.0633598759997834,0.474167985014448,0.390652845623069,-1.07161218084685,-0.0633598759997834
"2109",0.387817095244057,0.395839197983846,-1.07161218084685,-0.0633598759997834,0.387817095244057,0.395839197983846,-1.07161218084685,-0.0633598759997834
"2110",0.319217230933746,0.37606603399613,-1.10021467202667,-0.0633598759997834,0.319217230933746,0.37606603399613,-1.10021467202667,-0.0633598759997834
"2111",0.267562178113758,0.346533932309317,-1.22215160810906,-0.0633598759997834,0.267562178113758,0.346533932309317,-1.22215160810906,-0.0633598759997834
"2112",0.204608744219837,0.321423905469436,-1.22215160810906,-0.0612762526687484,0.204608744219837,0.321423905469436,-1.22215160810906,-0.0612762526687484
"2113",0.0867760054032876,0.305136446744578,-1.22215160810906,0.00609423503471075,0.0867760054032876,0.305136446744578,-1.22215160810906,0.00609423503471075
"2114",-0.0904486629715552,0.297661232479065,-1.22215160810906,0.00609423503471075,-0.0904486629715552,0.297661232479065,-1.22215160810906,0.00609423503471075
"2115",-0.256164922347317,0.29538521675221,-1.22215160810906,0.00609423503471075,-0.256164922347317,0.29538521675221,-1.22215160810906,0.00609423503471075
"2116",-0.346833244476329,0.290791984102532,-0.892471309558348,0.00609423503471075,-0.346833244476329,0.290791984102532,-0.892471309558348,0.00609423503471075
"2117",-0.348267385877323,0.286142274983553,-0.611632536718849,0.00609423503471075,-0.348267385877323,0.286142274983553,-0.611632536718849,0.00609423503471075
"2118",-0.290792618820978,0.28192830821829,-0.611632536718849,0.00609423503471075,-0.290792618820978,0.28192830821829,-0.611632536718849,0.00609423503471075
"2119",-0.177700042080154,0.278965699318737,-0.611632536718849,-0.0974087216433911,-0.177700042080154,0.278965699318737,-0.611632536718849,-0.0974087216433911
"2120",-0.00856744346035512,0.27798691399097,-0.216533573847925,-0.10890905016318,-0.00856744346035512,0.27798691399097,-0.216533573847925,-0.10890905016318
"2121",0.195193455409481,0.272873854914175,0.662880246735745,-0.10890905016318,0.195193455409481,0.272873854914175,0.662880246735745,-0.10890905016318
"2122",0.433501748494944,0.258533129342058,0.662880246735745,-0.10890905016318,0.433501748494944,0.258533129342058,0.662880246735745,-0.10890905016318
"2123",0.693208221367763,0.236234266642858,0.776993327561042,-0.10890905016318,0.693208221367763,0.236234266642858,0.776993327561042,-0.10890905016318
"2124",0.958229306411371,0.214722103877078,1.61382258694656,-0.10890905016318,0.958229306411371,0.214722103877078,1.61382258694656,-0.10890905016318
"2125",1.20911210506874,0.202426302970084,1.61382258694656,0.0841161835265267,1.20911210506874,0.202426302970084,1.61382258694656,0.0841161835265267
"2126",1.42878190767488,0.198241205070022,1.61382258694656,0.100900986456066,1.42878190767488,0.198241205070022,1.61382258694656,0.100900986456066
"2127",1.59116566646913,0.198271195056202,1.61382258694656,0.100900986456066,1.59116566646913,0.198271195056202,1.61382258694656,0.100900986456066
"2128",1.6830418863656,0.194840938568415,1.24101149383395,0.100900986456066,1.6830418863656,0.194840938568415,1.24101149383395,0.100900986456066
"2129",1.71785002572198,0.189219030707419,0.328267093454811,0.100900986456066,1.71785002572198,0.189219030707419,0.328267093454811,0.100900986456066
"2130",1.70746179440827,0.186847813124123,0.328267093454811,0.113663598336889,1.70746179440827,0.186847813124123,0.328267093454811,0.113663598336889
"2131",1.66257602355685,0.19030647134337,0.328267093454811,0.26043363496635,1.66257602355685,0.19030647134337,0.328267093454811,0.26043363496635
"2132",1.59130246494522,0.203338942160109,0.328267093454811,0.26043363496635,1.59130246494522,0.203338942160109,0.328267093454811,0.26043363496635
"2133",1.49340866466854,0.219099894445351,0.171670041634858,0.26043363496635,1.49340866466854,0.219099894445351,0.171670041634858,0.26043363496635
"2134",1.36860584511145,0.230379118904921,-0.41743315330687,0.26043363496635,1.36860584511145,0.230379118904921,-0.41743315330687,0.26043363496635
"2135",1.2315103110426,0.234697863768317,-0.41743315330687,0.26043363496635,1.2315103110426,0.234697863768317,-0.41743315330687,0.26043363496635
"2136",1.092268869479,0.230592879304857,-0.41743315330687,0.3357513018169,1.092268869479,0.230592879304857,-0.41743315330687,0.3357513018169
"2137",0.956639045690246,0.221032893866103,-0.41743315330687,0.453555857660069,0.956639045690246,0.221032893866103,-0.41743315330687,0.453555857660069
"2138",0.814971199378257,0.213528670595266,-0.41743315330687,0.453555857660069,0.814971199378257,0.213528670595266,-0.41743315330687,0.453555857660069
"2139",0.664200992926316,0.212906028031728,-0.481709341385188,0.453555857660069,0.664200992926316,0.212906028031728,-0.481709341385188,0.453555857660069
"2140",0.519081529579167,0.216091459725795,-0.551341878470032,0.453555857660069,0.519081529579167,0.216091459725795,-0.551341878470032,0.453555857660069
"2141",0.393644313558233,0.202467737732922,-0.551341878470032,0.453555857660069,0.393644313558233,0.202467737732922,-0.551341878470032,0.453555857660069
"2142",0.316687752932569,0.131333966323127,-0.551341878470032,0.657392512679307,0.316687752932569,0.131333966323127,-0.551341878470032,0.657392512679307
"2143",0.255221765268282,-0.00938157135496855,-0.551341878470032,0.68518842018193,0.255221765268282,-0.00938157135496855,-0.551341878470032,0.68518842018193
"2144",0.184374731539548,-0.177329511312346,-0.551341878470032,0.68518842018193,0.184374731539548,-0.177329511312346,-0.551341878470032,0.68518842018193
"2145",0.0972419513619877,-0.359501113126317,-0.579917111925939,0.68518842018193,0.0972419513619877,-0.359501113126317,-0.579917111925939,0.68518842018193
"2146",0.0161003579116238,-0.51516880773028,-0.581741062997593,0.68518842018193,0.0161003579116238,-0.51516880773028,-0.581741062997593,0.68518842018193
"2147",-0.0222240025521634,-0.618882448207447,-0.581741062997593,0.69024611147936,-0.0222240025521634,-0.618882448207447,-0.581741062997593,0.69024611147936
"2148",-0.0132965650537721,-0.671976775796316,-0.581741062997593,0.69923756267479,-0.0132965650537721,-0.671976775796316,-0.581741062997593,0.69923756267479
"2149",0.00223109702785898,-0.685361465453859,-0.581741062997593,0.69923756267479,0.00223109702785898,-0.685361465453859,-0.581741062997593,0.69923756267479
"2150",-0.0114414190110347,-0.677768860479202,-0.385206209876608,0.69923756267479,-0.0114414190110347,-0.677768860479202,-0.385206209876608,0.69923756267479
"2151",-0.0303353931512463,-0.664479699671718,-0.336072496596362,0.69923756267479,-0.0303353931512463,-0.664479699671718,-0.336072496596362,0.69923756267479
"2152",-0.0504593460235317,-0.634868932662901,-0.336072496596362,0.69923756267479,-0.0504593460235317,-0.634868932662901,-0.336072496596362,0.69923756267479
"2153",-0.0965001410826029,-0.515299745317916,-0.336072496596362,0.749760275911546,-0.0965001410826029,-0.515299745317916,-0.336072496596362,0.749760275911546
"2154",-0.200087035064179,-0.295271811977135,-0.336072496596362,0.756004656199235,-0.200087035064179,-0.295271811977135,-0.336072496596362,0.756004656199235
"2155",-0.336240591732396,-0.0517914291634612,-0.356634784251748,0.756004656199235,-0.336240591732396,-0.0517914291634612,-0.356634784251748,0.756004656199235
"2156",-0.478482629378145,0.142262700336734,-0.377197071907134,0.756004656199235,-0.478482629378145,0.142262700336734,-0.377197071907134,0.756004656199235
"2157",-0.613501345220423,0.253074391296834,-0.377197071907134,0.756004656199235,-0.613501345220423,0.253074391296834,-0.377197071907134,0.756004656199235
"2158",-0.740260486490147,0.308761684855908,-0.377197071907134,0.756004656199235,-0.740260486490147,0.308761684855908,-0.377197071907134,0.756004656199235
"2159",-0.866190384034054,0.335427267053717,-0.377197071907134,0.756004656199235,-0.866190384034054,0.335427267053717,-0.377197071907134,0.756004656199235
"2160",-0.982533089007926,0.34720104600501,-0.382025401675102,0.756004656199235,-0.982533089007926,0.34720104600501,-0.382025401675102,0.756004656199235
"2161",-1.08649742947839,0.344351296617311,-0.41743315330687,0.756004656199235,-1.08649742947839,0.344351296617311,-0.41743315330687,0.756004656199235
"2162",-1.18722544231869,0.332865692470915,-0.41743315330687,0.756004656199235,-1.18722544231869,0.332865692470915,-0.41743315330687,0.756004656199235
"2163",-1.26238671701663,0.324848089218588,-0.41743315330687,0.756004656199235,-1.26238671701663,0.324848089218588,-0.41743315330687,0.756004656199235
"2164",-1.27326599103172,0.320116678408288,-0.41743315330687,0.716769751458771,-1.27326599103172,0.320116678408288,-0.41743315330687,0.716769751458771
"2165",-1.16898932566723,0.314586328760551,-0.41743315330687,0.713358020611774,-1.16898932566723,0.314586328760551,-0.41743315330687,0.713358020611774
"2166",-0.900643675388763,0.306162833000566,-0.492823130935222,0.713358020611774,-0.900643675388763,0.306162833000566,-0.492823130935222,0.713358020611774
"2167",-0.504918287979617,0.294840772376935,-0.539029891417115,0.713358020611774,-0.504918287979617,0.294840772376935,-0.539029891417115,0.713358020611774
"2168",-0.0532920922730934,0.282575428589863,-0.539029891417115,0.713358020611774,-0.0532920922730934,0.282575428589863,-0.539029891417115,0.713358020611774
"2169",0.363547355011526,0.27343591023149,-0.539029891417115,0.650412157008236,0.363547355011526,0.27343591023149,-0.539029891417115,0.650412157008236
"2170",0.662716479324793,0.267944472824388,-0.539029891417115,0.427240458777505,0.662716479324793,0.267944472824388,-0.539029891417115,0.427240458777505
"2171",0.818001035487762,0.26662248433702,-0.512333187944539,0.427240458777505,0.818001035487762,0.26662248433702,-0.512333187944539,0.427240458777505
"2172",0.844831736346801,0.264391780583053,-0.390714872125026,0.427240458777505,0.844831736346801,0.264391780583053,-0.390714872125026,0.427240458777505
"2173",0.780354112118064,0.262033642744509,-0.390714872125026,0.427240458777505,0.780354112118064,0.262033642744509,-0.390714872125026,0.427240458777505
"2174",0.648433976638408,0.263323492430488,-0.390714872125026,0.427240458777505,0.648433976638408,0.263323492430488,-0.390714872125026,0.427240458777505
"2175",0.4656785441501,0.275175142576425,-0.390714872125026,0.368623442632426,0.4656785441501,0.275175142576425,-0.390714872125026,0.368623442632426
"2176",0.250968333205538,0.293525323761943,-0.390714872125026,0.27298515313256,0.250968333205538,0.293525323761943,-0.390714872125026,0.27298515313256
"2177",0.0234651358946598,0.304986870520672,-0.50193400135438,0.27298515313256,0.0234651358946598,0.304986870520672,-0.50193400135438,0.27298515313256
"2178",-0.197075916022336,0.30706127132486,-0.545185884943574,0.27298515313256,-0.197075916022336,0.30706127132486,-0.545185884943574,0.27298515313256
"2179",-0.389578628074138,0.299404295320678,-0.545185884943574,0.27298515313256,-0.389578628074138,0.299404295320678,-0.545185884943574,0.27298515313256
"2180",-0.528200595075769,0.28480795416542,-0.545185884943574,0.27298515313256,-0.528200595075769,0.28480795416542,-0.545185884943574,0.27298515313256
"2181",-0.625984076783144,0.256906102521739,-0.545185884943574,0.225300794572025,-0.625984076783144,0.256906102521739,-0.545185884943574,0.225300794572025
"2182",-0.690242098918483,0.215567382381633,-0.545185884943574,0.173642739464779,-0.690242098918483,0.215567382381633,-0.545185884943574,0.173642739464779
"2183",-0.70846545001228,0.181707380010098,-0.589395120721908,0.173642739464779,-0.70846545001228,0.181707380010098,-0.589395120721908,0.173642739464779
"2184",-0.631669321395147,0.158231854130394,-0.593767462721962,0.173642739464779,-0.631669321395147,0.158231854130394,-0.593767462721962,0.173642739464779
"2185",-0.434637078969143,0.0990577809008569,-0.593767462721962,0.173642739464779,-0.434637078969143,0.0990577809008569,-0.593767462721962,0.173642739464779
"2186",-0.150482579325279,-0.112146089496929,-0.593767462721962,0.173642739464779,-0.150482579325279,-0.112146089496929,-0.593767462721962,0.173642739464779
"2187",0.1342200630144,-0.641869866041056,-0.593767462721962,0.300110695460397,0.1342200630144,-0.641869866041056,-0.593767462721962,0.300110695460397
"2188",0.344653467125083,-1.51200058632455,-0.617675564590904,0.349292678347582,0.344653467125083,-1.51200058632455,-0.617675564590904,0.349292678347582
"2189",0.466868501133809,-2.38599459607386,-0.664085409395319,0.349292678347582,0.466868501133809,-2.38599459607386,-0.664085409395319,0.349292678347582
"2190",0.548231766768004,-3.04902839238474,-0.664085409395319,0.349292678347582,0.548231766768004,-3.04902839238474,-0.664085409395319,0.349292678347582
"2191",0.608981503142588,-0.770292785340222,-0.664085409395319,0.349292678347582,0.608981503142588,-0.770292785340222,-0.664085409395319,0.349292678347582
"2192",0.620408057315812,-0.169156640234872,-0.664085409395319,0.349292678347582,0.620408057315812,-0.169156640234872,-0.664085409395319,0.349292678347582
"2193",0.569318484199013,-0.169156640234872,-0.664085409395319,0.452513225866945,0.569318484199013,-0.169156640234872,-0.664085409395319,0.452513225866945
"2194",0.4656658648462,-0.455270543823551,-0.703615772774291,0.453555857660069,0.4656658648462,-0.455270543823551,-0.703615772774291,0.453555857660069
"2195",0.321365208518937,-2.99413966395611,-0.780351184039353,0.453555857660069,0.321365208518937,-2.99413966395611,-0.780351184039353,0.453555857660069
"2196",0.151966689532309,-2.30824069871167,-0.780351184039353,0.317325249662923,0.151966689532309,-2.30824069871167,-0.780351184039353,0.317325249662923
"2197",-0.0369844373671894,-1.6183703959671,-0.780351184039353,0.129197267190673,-0.0369844373671894,-1.6183703959671,-0.780351184039353,0.129197267190673
"2198",-0.238281411099549,-0.95588071703787,-0.780351184039353,0.129197267190673,-0.238281411099549,-0.95588071703787,-0.780351184039353,0.129197267190673
"2199",-0.468287779012355,-0.412525464080766,-0.780351184039353,0.129197267190673,-0.468287779012355,-0.412525464080766,-0.780351184039353,0.129197267190673
"2200",-0.709600118330683,-0.0351805270362525,-0.792006891411268,0.129197267190673,-0.709600118330683,-0.0351805270362525,-0.792006891411268,0.129197267190673
"2201",-0.904154980031398,0.203847931084433,-0.86360623669589,0.129197267190673,-0.904154980031398,0.203847931084433,-0.86360623669589,0.129197267190673
"2202",-1.02563383813001,0.436234223882817,-0.86360623669589,0.129197267190673,-1.02563383813001,0.436234223882817,-0.86360623669589,0.129197267190673
"2203",-1.08567042835054,0.659415739739195,-0.86360623669589,0.129197267190673,-1.08567042835054,0.659415739739195,-0.86360623669589,0.129197267190673
"2204",-1.13068756369066,0.812862229286684,-0.86360623669589,0.129197267190673,-1.13068756369066,0.812862229286684,-0.86360623669589,0.129197267190673
"2205",-1.20956051053436,0.882061249524198,-0.86360623669589,0.129197267190673,-1.20956051053436,0.882061249524198,-0.86360623669589,0.129197267190673
"2206",-1.30399760480357,0.879369757106717,-0.86360623669589,0.129197267190673,-1.30399760480357,0.879369757106717,-0.86360623669589,0.129197267190673
"2207",-1.35961705330964,0.829059646114406,-0.98271138402419,0.129197267190673,-1.35961705330964,0.829059646114406,-0.98271138402419,0.129197267190673
"2208",-1.35208873818243,0.762376757689357,-1.16136910501664,0.302114097730153,-1.35208873818243,0.762376757689357,-1.16136910501664,0.302114097730153
"2209",-1.31290503142778,0.712535675599753,-1.16136910501664,1.20992745806243,-1.31290503142778,0.712535675599753,-1.16136910501664,1.20992745806243
"2210",-1.276758837368,0.715088879145913,-1.16136910501664,1.20992745806243,-1.276758837368,0.715088879145913,-1.16136910501664,1.20992745806243
"2211",-1.35692153680501,0.789297390238479,-1.16136910501664,1.20992745806243,-1.35692153680501,0.789297390238479,-1.16136910501664,1.20992745806243
"2212",-1.55777344109435,0.943513679208354,-1.16136910501664,1.20992745806243,-1.55777344109435,0.943513679208354,-1.16136910501664,1.20992745806243
"2213",-1.78508187739702,1.12197050045924,-1.16136910501664,1.2216574223123,-1.78508187739702,1.12197050045924,-1.16136910501664,1.2216574223123
"2214",-1.94284062289586,1.25752169711844,-1.16136910501664,1.35655201118587,-1.94284062289586,1.25752169711844,-1.16136910501664,1.35655201118587
"2215",-1.94925566063915,1.3231653624523,-1.39054874756148,1.35655201118587,-1.94925566063915,1.3231653624523,-1.39054874756148,1.35655201118587
"2216",-1.78150993635546,1.33533406093967,-1.41047741213059,1.35655201118587,-1.78150993635546,1.33533406093967,-1.41047741213059,1.35655201118587
"2217",-1.45712357416788,1.31184052705424,-1.41047741213059,1.35655201118587,-1.45712357416788,1.31184052705424,-1.41047741213059,1.35655201118587
"2218",-1.02476250256539,1.26241425972675,-1.41047741213059,1.35855454885693,-1.02476250256539,1.26241425972675,-1.41047741213059,1.35855454885693
"2219",-0.556215991438667,1.1904111477534,-1.41047741213059,1.40661545296246,-0.556215991438667,1.1904111477534,-1.41047741213059,1.40661545296246
"2220",-0.108116798560559,1.10261115623877,-1.41047741213059,1.40661545296246,-0.108116798560559,1.10261115623877,-1.41047741213059,1.40661545296246
"2221",0.284497846704671,1.00749653702481,-1.41047741213059,1.40661545296246,0.284497846704671,1.00749653702481,-1.41047741213059,1.40661545296246
"2222",0.610263320389246,0.898402662196155,-1.28376066439416,1.40661545296246,0.610263320389246,0.898402662196155,-1.28376066439416,1.40661545296246
"2223",0.870706400441021,0.791680968180565,-1.2727418167649,1.40661545296246,0.870706400441021,0.791680968180565,-1.2727418167649,1.40661545296246
"2224",1.06550691287308,0.718873792912633,-1.2727418167649,1.35855454885693,1.06550691287308,0.718873792912633,-1.2727418167649,1.35855454885693
"2225",1.20637190911227,0.689523980825617,0.535518325492195,1.35655201118587,1.20637190911227,0.689523980825617,0.535518325492195,1.35655201118587
"2226",1.29915620867853,0.679570537979393,1.59751237729398,1.35655201118587,1.29915620867853,0.679570537979393,1.59751237729398,1.35655201118587
"2227",1.34971161220994,0.661170663106495,1.59751237729398,1.35655201118587,1.34971161220994,0.661170663106495,1.59751237729398,1.35655201118587
"2228",1.3606993934652,0.64244563979309,1.59751237729398,1.35655201118587,1.3606993934652,0.64244563979309,1.59751237729398,1.35655201118587
"2229",1.33591859965711,0.64473655241495,1.18175910418403,1.11717173881414,1.33591859965711,0.64473655241495,1.18175910418403,1.11717173881414
"2230",1.27559987336136,0.66485861392257,0.531478343678718,0.976583324881537,1.27559987336136,0.66485861392257,0.531478343678718,0.976583324881537
"2231",1.17128637763792,0.666852962017543,0.531478343678718,0.976583324881537,1.17128637763792,0.666852962017543,0.531478343678718,0.976583324881537
"2232",1.01499610253975,0.630879912867417,0.531478343678718,0.976583324881537,1.01499610253975,0.630879912867417,0.531478343678718,0.976583324881537
"2233",0.816965817763895,0.567331879566284,0.605153528058772,0.976583324881537,0.816965817763895,0.567331879566284,0.605153528058772,0.976583324881537
"2234",0.610653014913195,0.499403028670235,0.899854265578989,0.976583324881537,0.610653014913195,0.499403028670235,0.899854265578989,0.976583324881537
"2235",0.402615136701943,0.435993337026534,0.899854265578989,0.413550746123043,0.402615136701943,0.435993337026534,0.899854265578989,0.413550746123043
"2236",0.190831171091485,0.352248893211545,0.899854265578989,0.29823082035323,0.190831171091485,0.352248893211545,0.899854265578989,0.29823082035323
"2237",-0.0378453362258723,0.244053244628461,0.899854265578989,0.29823082035323,-0.0378453362258723,0.244053244628461,0.899854265578989,0.29823082035323
"2238",-0.297854301063165,0.139241699719542,0.775938875680195,0.29823082035323,-0.297854301063165,0.139241699719542,0.775938875680195,0.29823082035323
"2239",-0.566155099382254,0.0910703544882065,0.766611910849103,0.29823082035323,-0.566155099382254,0.0910703544882065,0.766611910849103,0.29823082035323
"2240",-0.801047398238752,0.0967951251989974,0.766611910849103,0.29823082035323,-0.801047398238752,0.0967951251989974,0.766611910849103,0.29823082035323
"2241",-1.00151185060211,0.105985374281656,1.56149854588719,0.180835900421123,-1.00151185060211,0.105985374281656,1.56149854588719,0.180835900421123
"2242",-1.18492238045859,0.0810439827223187,1.74795343558748,-0.680060179081001,-1.18492238045859,0.0810439827223187,1.74795343558748,-0.680060179081001
"2243",-1.37265491412339,0.0311930581247887,1.74795343558748,-0.680060179081001,-1.37265491412339,0.0311930581247887,1.74795343558748,-0.680060179081001
"2244",-1.60606226810953,-0.0333016217027225,1.74795343558748,-0.680060179081001,-1.60606226810953,-0.0333016217027225,1.74795343558748,-0.680060179081001
"2245",-1.86423109505972,-0.139360600553926,1.74795343558748,-0.680060179081001,-1.86423109505972,-0.139360600553926,1.74795343558748,-0.680060179081001
"2246",-2.08456677675504,-0.274874463884536,1.74795343558748,-0.680060179081001,-2.08456677675504,-0.274874463884536,1.74795343558748,-0.680060179081001
"2247",-2.24480549059221,-0.398566246635021,1.54905163468749,-0.680060179081001,-2.24480549059221,-0.398566246635021,1.54905163468749,-0.680060179081001
"2248",-2.35447068760669,-0.490714356382686,-1.09350086298371,-0.680060179081001,-2.35447068760669,-0.490714356382686,-1.09350086298371,-0.680060179081001
"2249",-2.43152436997515,-0.543680502472992,-1.09350086298371,-1.11301374433055,-2.43152436997515,-0.543680502472992,-1.09350086298371,-1.11301374433055
"2250",-2.48391973888612,-0.561281728131374,-1.09350086298371,-1.30752911422527,-2.48391973888612,-0.561281728131374,-1.09350086298371,-1.30752911422527
"2251",-2.50557961260567,-0.56004396385753,-1.09350086298371,-1.30752911422527,-2.50557961260567,-0.56004396385753,-1.09350086298371,-1.30752911422527
"2252",-2.47479874793228,-0.560010003234551,-1.09350086298371,-1.30752911422527,-2.47479874793228,-0.560010003234551,-1.09350086298371,-1.30752911422527
"2253",-2.33546544610572,-0.562037316957634,-1.09350086298371,-1.30752911422527,-2.33546544610572,-0.562037316957634,-1.09350086298371,-1.30752911422527
"2254",-2.04620179076651,-0.557533727272877,-1.12982176423254,-1.30752911422527,-2.04620179076651,-0.557533727272877,-1.12982176423254,-1.30752911422527
"2255",-1.66206865101897,-0.540548417452161,-1.15722174236763,-1.30752911422527,-1.66206865101897,-0.540548417452161,-1.15722174236763,-1.30752911422527
"2256",-1.2308705389708,-0.513855694783994,-1.15722174236763,-1.30752911422527,-1.2308705389708,-0.513855694783994,-1.15722174236763,-1.30752911422527
"2257",-0.789975605813426,-0.482193790231296,-1.15722174236763,-1.55740687734149,-0.789975605813426,-0.482193790231296,-1.15722174236763,-1.55740687734149
"2258",-0.390570287645151,-0.445376784565102,-0.498610399488601,-1.59474493389908,-0.390570287645151,-0.445376784565102,-0.498610399488601,-1.59474493389908
"2259",-0.045199936264281,-0.410308867765781,0.48930661482994,-1.59474493389908,-0.045199936264281,-0.410308867765781,0.48930661482994,-1.59474493389908
"2260",0.243253106163006,-0.38435748634477,0.48930661482994,-1.59474493389908,0.243253106163006,-0.38435748634477,0.48930661482994,-1.59474493389908
"2261",0.456689262700032,-0.360671516714691,0.48930661482994,-1.59474493389908,0.456689262700032,-0.360671516714691,0.48930661482994,-1.59474493389908
"2262",0.569502463486216,-0.299162101773177,1.29415866103804,-1.59474493389908,0.569502463486216,-0.299162101773177,1.29415866103804,-1.59474493389908
"2263",0.581221504186821,-0.118779295194074,1.3936347566368,-1.59474493389908,0.581221504186821,-0.118779295194074,1.3936347566368,-1.59474493389908
"2264",0.504933755278441,0.122720674124125,1.3936347566368,-1.59474493389908,0.504933755278441,0.122720674124125,1.3936347566368,-1.59474493389908
"2265",0.372686286749122,0.332674588057423,1.3936347566368,-1.72293601365568,0.372686286749122,0.332674588057423,1.3936347566368,-1.72293601365568
"2266",0.191505330542389,0.466064366239139,1.3936347566368,-1.7510755189681,0.191505330542389,0.466064366239139,1.3936347566368,-1.7510755189681
"2267",-0.0590902430674445,0.509635826836323,1.3936347566368,-1.7510755189681,-0.0590902430674445,0.509635826836323,1.3936347566368,-1.7510755189681
"2268",-0.358738593315873,0.44302564777808,1.3936347566368,-1.7510755189681,-0.358738593315873,0.44302564777808,1.3936347566368,-1.7510755189681
"2269",-0.678621128752126,0.307386256268557,1.3936347566368,-1.7510755189681,-0.678621128752126,0.307386256268557,1.3936347566368,-1.7510755189681
"2270",-1.01269102896863,0.153613302831947,1.3936347566368,-1.7510755189681,-1.01269102896863,0.153613302831947,1.3936347566368,-1.7510755189681
"2271",-1.33853275098414,0.0259381305308157,1.3936347566368,-1.7510755189681,-1.33853275098414,0.0259381305308157,1.3936347566368,-1.7510755189681
"2272",-1.64352685101361,-0.057710200516939,1.3936347566368,-1.7283544184695,-1.64352685101361,-0.057710200516939,1.3936347566368,-1.7283544184695
"2273",-1.90765857345509,-0.110143020015009,1.3936347566368,-1.52386451398206,-1.90765857345509,-0.110143020015009,1.3936347566368,-1.52386451398206
"2274",-2.13792810161415,-0.139015388719239,1.3936347566368,-1.52386451398206,-2.13792810161415,-0.139015388719239,1.3936347566368,-1.52386451398206
"2275",-2.34004301982871,-0.149599284605153,1.3936347566368,-1.52386451398206,-2.34004301982871,-0.149599284605153,1.3936347566368,-1.52386451398206
"2276",-2.5154617068086,-0.149460919591033,1.3936347566368,-1.52386451398206,-2.5154617068086,-0.149460919591033,1.3936347566368,-1.52386451398206
"2277",-0.0442574540847334,-0.152518263213285,1.3936347566368,-1.52386451398206,-0.0442574540847334,-0.152518263213285,1.3936347566368,-1.52386451398206
"2278",-0.0185642767596686,-0.179099948191188,0.437646284512107,-1.52386451398206,-0.0185642767596686,-0.179099948191188,0.437646284512107,-1.52386451398206
"2279",-0.0185642767596686,-0.240907487886285,-0.0548326253703088,-1.52386451398206,-0.0185642767596686,-0.240907487886285,-0.0548326253703088,-1.52386451398206
"2280",-0.0955779971098581,-0.331380362611548,-0.0548326253703088,-1.21485298301263,-0.0955779971098581,-0.331380362611548,-0.0548326253703088,-1.21485298301263
"2281",-2.44467763833052,-0.440668123167994,-0.0548326253703088,-1.16454878029668,-2.44467763833052,-0.440668123167994,-0.0548326253703088,-1.16454878029668
"2282",-2.08539852184013,-0.584782666086595,-0.0548326253703088,-1.16454878029668,-2.08539852184013,-0.584782666086595,-0.0548326253703088,-1.16454878029668
"2283",-1.62404031348705,-0.801037139779989,-0.0548326253703088,-1.16454878029668,-1.62404031348705,-0.801037139779989,-0.0548326253703088,-1.16454878029668
"2284",-1.10758086926621,-0.998634011572833,-0.419393324274035,-1.16454878029668,-1.10758086926621,-0.998634011572833,-0.419393324274035,-1.16454878029668
"2285",-0.590861628696077,-1.06051129433548,-0.769657525181537,-1.16454878029668,-0.590861628696077,-1.06051129433548,-0.769657525181537,-1.16454878029668
"2286",-0.125273363051391,-0.975405412588684,-0.769657525181537,-1.14929554784519,-0.125273363051391,-0.975405412588684,-0.769657525181537,-1.14929554784519
"2287",0.249201856036333,-0.806538433709028,-0.769657525181537,-0.783217969009533,0.249201856036333,-0.806538433709028,-0.769657525181537,-0.783217969009533
"2288",0.495286357578323,-0.641104467406232,-0.769657525181537,-0.783217969009533,0.495286357578323,-0.641104467406232,-0.769657525181537,-0.783217969009533
"2289",0.601092906026321,-0.536511447661408,-0.769657525181537,-0.783217969009533,0.601092906026321,-0.536511447661408,-0.769657525181537,-0.783217969009533
"2290",0.601055903159837,-0.491801983872134,-0.621823244559169,-0.783217969009533,0.601055903159837,-0.491801983872134,-0.621823244559169,-0.783217969009533
"2291",0.551535199829693,-0.469024355801661,-0.599733064696056,-0.783217969009533,0.551535199829693,-0.469024355801661,-0.599733064696056,-0.783217969009533
"2292",0.495181041727562,-0.450957491230132,-0.599733064696056,-0.783217969009533,0.495181041727562,-0.450957491230132,-0.599733064696056,-0.783217969009533
"2293",0.450509266474624,-0.427406009404121,-0.599733064696056,-0.585767754642684,0.450509266474624,-0.427406009404121,-0.599733064696056,-0.585767754642684
"2294",0.395224051319659,-0.389007802737613,-0.599733064696056,-0.442786564928758,0.395224051319659,-0.389007802737613,-0.599733064696056,-0.442786564928758
"2295",0.304913078551586,-0.325712115083432,-0.601691241812127,-0.442786564928758,0.304913078551586,-0.325712115083432,-0.601691241812127,-0.442786564928758
"2296",0.154316932203525,-0.265514318260233,-0.617534674842154,-0.442786564928758,0.154316932203525,-0.265514318260233,-0.617534674842154,-0.442786564928758
"2297",-0.0850446918970909,-0.235978713070361,-0.617534674842154,-0.442786564928758,-0.0850446918970909,-0.235978713070361,-0.617534674842154,-0.442786564928758
"2298",-0.396387931791076,-0.238634788808991,-0.617534674842154,-0.442786564928758,-0.396387931791076,-0.238634788808991,-0.617534674842154,-0.442786564928758
"2299",-0.719713200124382,-0.259326991718985,-0.617534674842154,-0.415249104595648,-0.719713200124382,-0.259326991718985,-0.617534674842154,-0.415249104595648
"2300",-1.00895813839593,-0.242653493670467,-0.617534674842154,-0.328047146874133,-1.00895813839593,-0.242653493670467,-0.617534674842154,-0.328047146874133
"2301",-1.24784838565428,-0.184361695937782,-0.655506683365021,-0.328047146874133,-1.24784838565428,-0.184361695937782,-0.655506683365021,-0.328047146874133
"2302",-1.45305472516872,-0.157990921843994,-0.72602612776463,-0.328047146874133,-1.45305472516872,-0.157990921843994,-0.72602612776463,-0.328047146874133
"2303",-1.63762286684589,-0.18650710107062,-0.72602612776463,-0.328047146874133,-1.63762286684589,-0.18650710107062,-0.72602612776463,-0.328047146874133
"2304",-1.77872782106773,-0.242968575378852,-0.72602612776463,-0.328047146874133,-1.77872782106773,-0.242968575378852,-0.72602612776463,-0.328047146874133
"2305",-1.80010659375729,-0.313215493381132,-0.72602612776463,-0.328047146874133,-1.80010659375729,-0.313215493381132,-0.72602612776463,-0.328047146874133
"2306",-1.75900382691779,-0.422420477838652,-0.72602612776463,-0.379771525344416,-1.75900382691779,-0.422420477838652,-0.72602612776463,-0.379771525344416
"2307",-1.73008069590017,-0.584247938093136,-0.761796956086757,-0.391125657203747,-1.73008069590017,-0.584247938093136,-0.761796956086757,-0.391125657203747
"2308",-1.7212303692704,-0.766846079726123,-0.86360623669589,-0.391125657203747,-1.7212303692704,-0.766846079726123,-0.86360623669589,-0.391125657203747
"2309",-1.71142849107174,-0.890593498105175,-0.86360623669589,-0.391125657203747,-1.71142849107174,-0.890593498105175,-0.86360623669589,-0.391125657203747
"2310",-1.65059983249941,-0.878890816909281,-0.86360623669589,-0.391125657203747,-1.65059983249941,-0.878890816909281,-0.86360623669589,-0.391125657203747
"2311",-1.57581721184312,-0.745208771831096,-0.86360623669589,-0.391125657203747,-1.57581721184312,-0.745208771831096,-0.86360623669589,-0.391125657203747
"2312",-1.5075106103441,-0.506409676377301,-0.86360623669589,-0.432080476510202,-1.5075106103441,-0.506409676377301,-0.86360623669589,-0.432080476510202
"2313",-1.43713728230937,-0.184739466994225,-0.86360623669589,-0.632036359006425,-1.43713728230937,-0.184739466994225,-0.86360623669589,-0.632036359006425
"2314",-1.3230914289243,0.0739731661364925,-0.917276663349733,-0.632036359006425,-1.3230914289243,0.0739731661364925,-0.917276663349733,-0.632036359006425
"2315",-1.03498909431782,0.170439366760316,-0.923240044089049,-0.632036359006425,-1.03498909431782,0.170439366760316,-0.923240044089049,-0.632036359006425
"2316",-0.559916795609658,0.1193265737879,-0.923240044089049,-0.632036359006425,-0.559916795609658,0.1193265737879,-0.923240044089049,-0.632036359006425
"2317",-0.0282379602741195,-0.00623276294620584,-0.923240044089049,-0.632036359006425,-0.0282379602741195,-0.00623276294620584,-0.923240044089049,-0.632036359006425
"2318",0.438163678403066,-0.145116949505617,-0.923240044089049,-0.632036359006425,0.438163678403066,-0.145116949505617,-0.923240044089049,-0.632036359006425
"2319",0.777785302398666,-0.261820645055828,-0.809314816262085,-0.680152889158365,0.777785302398666,-0.261820645055828,-0.809314816262085,-0.680152889158365
"2320",0.968471165080735,-0.356996575573306,-0.623436812965459,-0.755412077344732,0.968471165080735,-0.356996575573306,-0.623436812965459,-0.755412077344732
"2321",1.03935985937943,-0.449118852825087,-0.623436812965459,-0.755412077344732,1.03935985937943,-0.449118852825087,-0.623436812965459,-0.755412077344732
"2322",1.03919425214481,-0.541584753656835,-0.623436812965459,-0.755412077344732,1.03919425214481,-0.541584753656835,-0.623436812965459,-0.755412077344732
"2323",1.00704126252963,-0.619697783439196,-0.623436812965459,-0.755412077344732,1.00704126252963,-0.619697783439196,-0.623436812965459,-0.755412077344732
"2324",0.970510980440819,-0.651141583248166,-0.623436812965459,-0.755412077344732,0.970510980440819,-0.651141583248166,-0.623436812965459,-0.755412077344732
"2325",0.945120717507842,-0.621462801566641,-0.5628770679893,-0.755412077344732,0.945120717507842,-0.621462801566641,-0.5628770679893,-0.755412077344732
"2326",0.93194838706974,-0.586169305883734,-0.551341878470032,-0.7663644893073,0.93194838706974,-0.586169305883734,-0.551341878470032,-0.7663644893073
"2327",0.9301987293853,-0.589563639786829,-0.551341878470032,-0.773975487450779,0.9301987293853,-0.589563639786829,-0.551341878470032,-0.773975487450779
"2328",0.930281274241303,-0.626339911390797,-0.551341878470032,-0.773975487450779,0.930281274241303,-0.626339911390797,-0.551341878470032,-0.773975487450779
"2329",0.927219179222555,-0.694362618798112,-0.551341878470032,-0.773975487450779,0.927219179222555,-0.694362618798112,-0.551341878470032,-0.773975487450779
"2330",0.908618467893637,-0.795781137778411,-0.493707182376702,-0.773975487450779,0.908618467893637,-0.795781137778411,-0.493707182376702,-0.773975487450779
"2331",0.871672701404235,-0.902539882973811,-0.410769448974106,-0.773975487450779,0.871672701404235,-0.902539882973811,-0.410769448974106,-0.773975487450779
"2332",0.815790178905679,-0.989477255979413,-0.410769448974106,-0.773975487450779,0.815790178905679,-0.989477255979413,-0.410769448974106,-0.773975487450779
"2333",0.741760122375422,-1.0398104027379,-0.410769448974106,-0.842090864968137,0.741760122375422,-1.0398104027379,-0.410769448974106,-0.842090864968137
"2334",0.63602240443431,-1.0574332566885,-0.410769448974106,-0.874145160270424,0.63602240443431,-1.0574332566885,-0.410769448974106,-0.874145160270424
"2335",0.505033723395585,-1.04615562048365,-0.410769448974106,-0.874145160270424,0.505033723395585,-1.04615562048365,-0.410769448974106,-0.874145160270424
"2336",0.347966819370094,-1.0260250524706,-0.511561784838208,-0.874145160270424,0.347966819370094,-1.0260250524706,-0.511561784838208,-0.874145160270424
"2337",0.124380578172885,-1.01162700958845,-0.526622708588017,-0.874145160270424,0.124380578172885,-1.01162700958845,-0.526622708588017,-0.874145160270424
"2338",-0.1905371903757,-1.00489206216249,-0.526622708588017,-0.874145160270424,-0.1905371903757,-1.00489206216249,-0.526622708588017,-0.874145160270424
"2339",-0.54097236301515,-1.00189427809223,-0.526622708588017,-0.874145160270424,-0.54097236301515,-1.00189427809223,-0.526622708588017,-0.874145160270424
"2340",-0.886600354401119,-1.00088807201386,-0.526622708588017,-0.881036728213557,-0.886600354401119,-1.00088807201386,-0.526622708588017,-0.881036728213557
"2341",-1.19709649603931,-0.997739870878956,-0.536239385897957,-0.883095248508259,-1.19709649603931,-0.997739870878956,-0.536239385897957,-0.883095248508259
"2342",-1.45313847757747,-0.993059938206927,-0.686900663753687,-0.883095248508259,-1.45313847757747,-0.993059938206927,-0.686900663753687,-0.883095248508259
"2343",-1.67091552749802,-0.99874065820593,-0.686900663753687,-0.883095248508259,-1.67091552749802,-0.99874065820593,-0.686900663753687,-0.883095248508259
"2344",-1.88187206071179,-1.01602764299666,-0.686900663753687,-0.883095248508259,-1.88187206071179,-1.01602764299666,-0.686900663753687,-0.883095248508259
"2345",-2.09844621558343,-1.03149037710157,-0.686900663753687,-0.883095248508259,-2.09844621558343,-1.03149037710157,-0.686900663753687,-0.883095248508259
"2346",-2.3203143679753,-1.03506268896003,-0.686900663753687,-0.883095248508259,-2.3203143679753,-1.03506268896003,-0.686900663753687,-0.883095248508259
"2347",-2.50375362033653,-1.03530910200847,-0.686900663753687,-0.89770906668771,-2.50375362033653,-1.03530910200847,-0.686900663753687,-0.89770906668771
"2348",-0.351819912723822,-1.03893564809428,-0.881326232329875,-0.900916977995395,-0.351819912723822,-1.03893564809428,-0.881326232329875,-0.900916977995395
"2349",-0.249363150975848,-1.03779598190607,-0.918359673963434,-0.900916977995395,-0.249363150975848,-1.03779598190607,-0.918359673963434,-0.900916977995395
"2350",-2.45024230017482,-1.04495522690909,-0.918359673963434,-0.900916977995395,-2.45024230017482,-1.04495522690909,-0.918359673963434,-0.900916977995395
"2351",-2.08122935970875,-1.06354626225153,-0.918359673963434,-0.900916977995395,-2.08122935970875,-1.06354626225153,-0.918359673963434,-0.900916977995395
"2352",-1.67880205452386,-1.07558920366446,-0.918359673963434,-0.900916977995395,-1.67880205452386,-1.07558920366446,-0.918359673963434,-0.900916977995395
"2353",-1.35119627044465,-1.07093930769198,-0.918359673963434,-0.900916977995395,-1.35119627044465,-1.07093930769198,-0.918359673963434,-0.900916977995395
"2354",-1.07674945988475,-1.05799629298667,-0.949157221082393,-0.876554623865672,-1.07674945988475,-1.05799629298667,-0.949157221082393,-0.876554623865672
"2355",-0.854763398591991,-1.04531024855234,-0.985310863352476,-0.874145160270424,-0.854763398591991,-1.04531024855234,-0.985310863352476,-0.874145160270424
"2356",-0.737873327206215,-1.03634403681192,-0.985310863352476,-0.874145160270424,-0.737873327206215,-1.03634403681192,-0.985310863352476,-0.874145160270424
"2357",-0.749328776391728,-1.03941805710873,-0.985310863352476,-0.874145160270424,-0.749328776391728,-1.03941805710873,-0.985310863352476,-0.874145160270424
"2358",-0.868591085159566,-1.04931764877728,-0.985310863352476,-0.874145160270424,-0.868591085159566,-1.04931764877728,-0.985310863352476,-0.874145160270424
"2359",-1.1122402115613,-1.05841120117553,-0.985310863352476,-0.874145160270424,-1.1122402115613,-1.05841120117553,-0.985310863352476,-0.874145160270424
"2360",-1.455096696873,-1.0640057349993,-0.985310863352476,-0.874145160270424,-1.455096696873,-1.0640057349993,-0.985310863352476,-0.874145160270424
"2361",-1.76998306905003,-1.06564504743701,-1.06603894413025,-0.939348585573221,-1.76998306905003,-1.06564504743701,-1.06603894413025,-0.939348585573221
"2362",-1.91268552930951,-1.06300476081883,-1.07601657209155,-0.945018448643029,-1.91268552930951,-1.06300476081883,-1.07601657209155,-0.945018448643029
"2363",-1.82644789073654,-1.05683700718133,-1.07601657209155,-0.945018448643029,-1.82644789073654,-1.05683700718133,-1.07601657209155,-0.945018448643029
"2364",-1.55285343991229,-1.06089756722601,-1.07601657209155,-0.945018448643029,-1.55285343991229,-1.06089756722601,-1.07601657209155,-0.945018448643029
"2365",-1.14542514125716,-1.06997383567584,-1.07601657209155,-0.945018448643029,-1.14542514125716,-1.06997383567584,-1.07601657209155,-0.945018448643029
"2366",-0.665054014817762,-1.06494322570435,-1.07601657209155,-0.945018448643029,-0.665054014817762,-1.06494322570435,-1.07601657209155,-0.945018448643029
"2367",-0.177723503105057,-1.01362381947824,-0.988749842498988,-0.945018448643029,-0.177723503105057,-1.01362381947824,-0.988749842498988,-0.945018448643029
"2368",0.265195547226617,-0.840722673610274,-0.932956359644727,-0.893076843329938,0.265195547226617,-0.840722673610274,-0.932956359644727,-0.893076843329938
"2369",0.629775906553752,-0.510018097673951,-0.932956359644727,-0.892016810568446,0.629775906553752,-0.510018097673951,-0.932956359644727,-0.892016810568446
"2370",0.901959590748139,-0.101290228346935,-0.932956359644727,-0.892016810568446,0.901959590748139,-0.101290228346935,-0.932956359644727,-0.892016810568446
"2371",1.06261956798836,0.353998257687325,-0.424124781733981,-0.892016810568446,1.06261956798836,0.353998257687325,-0.424124781733981,-0.892016810568446
"2372",1.11279726626957,0.811316898318515,0.520848148671689,-0.892016810568446,1.11279726626957,0.811316898318515,0.520848148671689,-0.892016810568446
"2373",1.07687515949912,1.23936265771711,0.520848148671689,-0.892016810568446,1.07687515949912,1.23936265771711,0.520848148671689,-0.892016810568446
"2374",0.983917662366652,1.61085443234209,0.520848148671689,-0.589380595042116,0.983917662366652,1.61085443234209,0.520848148671689,-0.589380595042116
"2375",0.838237377019787,1.92895242329345,0.520848148671689,-0.370230232074774,0.838237377019787,1.92895242329345,0.520848148671689,-0.370230232074774
"2376",0.64342461655267,2.18696935414352,0.236407294589152,-0.370230232074774,0.64342461655267,2.18696935414352,0.236407294589152,-0.370230232074774
"2377",0.410993741474376,2.36745184706298,0.0387450061589142,-0.370230232074774,0.410993741474376,2.36745184706298,0.0387450061589142,-0.370230232074774
"2378",0.175480329234311,2.42955592325694,0.0387450061589142,-0.370230232074774,0.175480329234311,2.42955592325694,0.0387450061589142,-0.370230232074774
"2379",-0.0119519550639899,2.35871434400221,0.0387450061589142,-0.370230232074774,-0.0119519550639899,2.35871434400221,0.0387450061589142,-0.370230232074774
"2380",-0.0822656817450101,2.1918846755077,0.345722825614113,-0.192690433922627,-0.0822656817450101,2.1918846755077,0.345722825614113,-0.192690433922627
"2381",-0.0640387942467231,1.98953495146584,0.607222449594468,-0.0288075433206452,-0.0640387942467231,1.98953495146584,0.607222449594468,-0.0288075433206452
"2382",-0.0576350557470512,1.77581934965543,0.607222449594468,-0.0288075433206452,-0.0576350557470512,1.77581934965543,0.607222449594468,-0.0288075433206452
"2383",-0.159369046283858,1.52433294850621,0.607222449594468,-0.0288075433206452,-0.159369046283858,1.52433294850621,0.607222449594468,-0.0288075433206452
"2384",-0.364611181112031,1.24312193518412,0.607222449594468,-0.0288075433206452,-0.364611181112031,1.24312193518412,0.607222449594468,-0.0288075433206452
"2385",-0.6082901513175,1.05808604678043,0.36859837063073,-0.0288075433206452,-0.6082901513175,1.05808604678043,0.36859837063073,-0.0288075433206452
"2386",-0.856677024689451,0.95318481891994,0.308942350889795,0.206660078524545,-0.856677024689451,0.95318481891994,0.308942350889795,0.206660078524545
"2387",-1.11926351087671,0.723727881451759,0.308942350889795,0.29823082035323,-1.11926351087671,0.723727881451759,0.308942350889795,0.29823082035323
"2388",-1.43491512648368,0.274599362869796,0.308942350889795,0.29823082035323,-1.43491512648368,0.274599362869796,0.308942350889795,0.29823082035323
"2389",-1.7946762290298,-0.265029480150325,0.308942350889795,0.29823082035323,-1.7946762290298,-0.265029480150325,0.308942350889795,0.29823082035323
"2390",-2.12531115918838,-0.742782572606471,0.308942350889795,0.29823082035323,-2.12531115918838,-0.742782572606471,0.308942350889795,0.29823082035323
"2391",-2.38351207254028,-1.14164214822559,-0.316775678125693,0.29823082035323,-2.38351207254028,-1.14164214822559,-0.316775678125693,0.29823082035323
"2392",-1.4572232324276,-1.4943192005162,-0.994636876225806,0.397982584670296,-1.4572232324276,-1.4943192005162,-0.994636876225806,0.397982584670296
"2393",-0.0185642767596686,-1.95013672018361,-0.994636876225806,0.401067690783195,-0.0185642767596686,-1.95013672018361,-0.994636876225806,0.401067690783195
"2394",-0.0185642767596686,-2.51161372592682,-0.994636876225806,0.401067690783195,-0.0185642767596686,-2.51161372592682,-0.994636876225806,0.401067690783195
"2395",-1.30189801753348,-3.04117652818376,-0.994636876225806,0.401067690783195,-1.30189801753348,-3.04117652818376,-0.994636876225806,0.401067690783195
"2396",-2.3029254358334,-1.20730396668366,-0.994636876225806,0.401067690783195,-2.3029254358334,-1.20730396668366,-0.994636876225806,0.401067690783195
"2397",-1.92954037811978,-0.169156640234872,-0.994636876225806,0.516309882718909,-1.92954037811978,-0.169156640234872,-0.994636876225806,0.516309882718909
"2398",-1.59387961340577,-0.169156640234872,-1.09820036113458,0.657161450640338,-1.59387961340577,-0.169156640234872,-1.09820036113458,0.657161450640338
"2399",-1.34464486549411,-0.169156640234872,-1.11505953309647,0.657161450640338,-1.34464486549411,-0.169156640234872,-1.11505953309647,0.657161450640338
"2400",-1.09167696824845,-0.169156640234872,-1.11505953309647,0.657161450640338,-1.09167696824845,-0.169156640234872,-1.11505953309647,0.657161450640338
"2401",-0.920872685350506,-0.169156640234872,-1.11505953309647,0.657161450640338,-0.920872685350506,-0.169156640234872,-1.11505953309647,0.657161450640338
